/*--------------------------------*- C++ -*----------------------------------*\
| =========                 |                                                 |
| \\      /  F ield         | OpenFOAM: The Open Source CFD Toolbox           |
|  \\    /   O peration     | Version:  2312                                  |
|   \\  /    A nd           | Website:  www.openfoam.com                      |
|    \\/     M anipulation  |                                                 |
\*---------------------------------------------------------------------------*/
FoamFile
{
    version     2.0;
    format      ascii;
    arch        "LSB;label=32;scalar=64";
    class       volScalarField;
    location    "100";
    object      p;
}
// * * * * * * * * * * * * * * * * * * * * * * * * * * * * * * * * * * * * * //

dimensions      [0 2 -2 0 0 0 0];

internalField   nonuniform List<scalar> 
11040
(
-393.453
-768.581
-819.46
-736.518
-683.618
-671.26
-664.298
-643.144
-603.413
-550.492
-503.154
-469.241
-443.87
-421.566
-400.306
-379.824
-359.879
-339.997
-319.769
-298.846
-277.04
-254.72
-233.171
-213.829
-196.247
-179.512
-163.439
-147.913
-132.849
-118.106
-103.615
-89.3033
-75.1435
-61.1005
-47.2167
-33.6061
-20.5374
-8.06881
3.06625
13.5832
19.748
-204.727
-466.895
-593.017
-628.855
-645.077
-659.83
-663.183
-647.556
-611.231
-559.941
-511.202
-474.552
-447.183
-423.845
-401.998
-381.084
-360.812
-340.706
-320.34
-299.356
-277.548
-255.302
-233.811
-214.422
-196.776
-180.01
-163.914
-148.374
-133.298
-118.55
-104.057
-89.7472
-75.5904
-61.5489
-47.6634
-34.0445
-20.9578
-8.44583
2.716
13.4346
18.8003
-96.9539
-316.512
-490.756
-575.866
-606.007
-620.599
-628.76
-623.015
-596.746
-553.44
-508.178
-471.991
-444.699
-421.779
-400.393
-379.829
-359.851
-340.02
-319.895
-299.108
-277.466
-255.407
-234.034
-214.612
-196.925
-180.16
-164.071
-148.54
-133.476
-118.743
-104.268
-89.9793
-75.8456
-61.8279
-47.9629
-34.3595
-21.2799
-8.75352
2.40922
13.3545
18.8542
-38.0787
-199.324
-361.858
-471.745
-527.439
-556.603
-574.415
-578.946
-565.314
-534.723
-497.691
-464.821
-438.678
-416.572
-395.964
-376.048
-356.619
-337.295
-317.651
-297.32
-276.128
-254.563
-233.609
-214.365
-196.775
-180.112
-164.099
-148.626
-133.609
-118.92
-104.484
-90.2364
-76.1464
-62.1749
-48.3525
-34.7857
-21.73
-9.20626
1.96478
13.0991
18.8638
-4.20552
-121.389
-253.679
-367.888
-445.494
-493.113
-522.309
-536.206
-533.147
-513.593
-484.532
-455.274
-430.339
-409.015
-389.268
-370.143
-351.389
-332.708
-313.709
-294.032
-273.482
-252.609
-232.296
-213.385
-195.976
-179.49
-163.634
-148.305
-133.424
-118.872
-104.566
-90.4472
-76.4832
-62.636
-48.9286
-35.4611
-22.4763
-9.9903
1.18545
12.4522
18.3378
12.9306
-72.9677
-174.345
-276.44
-360.633
-420.605
-460.691
-484.602
-492.457
-484.452
-465.026
-441.627
-419.57
-399.918
-381.524
-363.496
-345.584
-327.598
-309.233
-290.169
-270.21
-249.987
-230.333
-211.82
-194.654
-178.409
-162.783
-147.663
-132.976
-118.614
-104.493
-90.557
-76.7794
-63.1273
-49.6196
-36.3454
-23.523
-11.1599
-0.03164
11.2473
17.1492
21.1125
-43.2902
-118.899
-201.298
-279.386
-343.83
-392.374
-425.897
-444.543
-448.272
-439.556
-423.737
-405.972
-388.711
-371.997
-355.319
-338.479
-321.383
-303.821
-285.523
-266.301
-246.829
-227.894
-209.859
-192.984
-177.002
-161.628
-146.748
-132.298
-118.19
-104.341
-90.6942
-77.2237
-63.8963
-50.7243
-37.7776
-25.2341
-13.0748
-2.01143
9.20579
15.3985
23.8714
-25.6532
-82.228
-145.788
-211.559
-272.539
-323.875
-363.509
-390.534
-404.39
-406.046
-398.826
-386.925
-373.349
-359.184
-344.492
-329.237
-313.426
-296.972
-279.692
-261.432
-242.879
-224.786
-207.373
-190.906
-175.257
-160.194
-145.598
-131.419
-117.592
-104.045
-90.7319
-77.6352
-64.7321
-52.0423
-39.6273
-27.6254
-15.961
-5.19953
5.68179
12.8757
23.5674
-15.3771
-58.3988
-106.656
-158.811
-211.146
-259.557
-300.856
-332.958
-354.545
-365.38
-367.004
-362.174
-353.602
-342.958
-330.915
-317.736
-303.585
-288.522
-272.488
-255.389
-237.913
-220.788
-204.143
-188.227
-173.02
-158.361
-144.141
-130.312
-116.832
-103.646
-90.7156
-78.0295
-65.5732
-53.3789
-41.5216
-30.1304
-19.1334
-8.91056
1.17439
9.27599
21.538
-9.69246
-43.0991
-79.9237
-120.252
-162.597
-204.519
-243.316
-276.588
-302.466
-319.883
-329.053
-331.299
-328.473
-322.214
-313.556
-303.066
-291.093
-277.843
-263.395
-247.748
-231.577
-215.602
-199.911
-184.728
-170.111
-155.978
-142.244
-128.871
-115.833
-103.097
-90.6371
-78.4466
-66.5136
-54.8725
-43.6041
-32.8208
-22.4828
-12.816
-3.60658
4.42281
18.6496
-6.80005
-33.2545
-61.7532
-92.7912
-125.997
-160.256
-193.882
-224.969
-251.674
-272.543
-286.977
-295.207
-298.071
-296.689
-292.049
-284.862
-275.616
-264.649
-252.171
-238.289
-223.68
-209.055
-194.51
-180.255
-166.399
-152.932
-139.813
-127.017
-114.534
-102.352
-90.4599
-78.8598
-67.5441
-56.5446
-45.9436
-35.8354
-26.2051
-17.1876
-8.79757
-1.41334
15.443
-5.56541
-26.8816
-49.3123
-73.3926
-99.19
-126.332
-153.977
-180.92
-205.761
-227.133
-244.111
-256.29
-263.722
-266.866
-266.357
-262.799
-256.694
-248.438
-238.324
-226.557
-213.797
-200.758
-187.582
-174.48
-161.595
-148.979
-136.637
-124.568
-112.78
-101.278
-90.0681
-79.1641
-68.5638
-58.2996
-48.4483
-39.094
-30.2316
-21.9537
-14.3341
-7.59884
12.2664
-5.25153
-22.6703
-40.6082
-59.5279
-79.6274
-100.865
-122.9
-145.098
-166.572
-186.304
-203.424
-217.3
-227.551
-234.124
-237.22
-237.168
-234.328
-229.044
-221.613
-212.281
-201.663
-190.465
-178.895
-167.182
-155.497
-143.94
-132.559
-121.386
-110.445
-99.7624
-89.3589
-79.2598
-69.4722
-60.0274
-50.9959
-42.449
-34.3846
-26.8679
-19.9763
-13.8411
9.32248
-5.39414
-19.7841
-34.3257
-49.3918
-65.1938
-81.8098
-99.1447
-116.909
-134.615
-151.606
-167.24
-180.937
-192.191
-200.681
-206.293
-209.068
-209.153
-206.748
-202.074
-195.346
-187.078
-177.933
-168.185
-158.084
-147.824
-137.538
-127.314
-117.215
-107.288
-97.5748
-88.1114
-78.9337
-70.0564
-61.5117
-53.3615
-45.6657
-38.4198
-31.6715
-25.4856
-19.9408
6.72199
-5.70342
-17.6875
-29.6048
-41.7461
-54.2999
-67.3744
-80.9765
-94.9944
-109.184
-123.166
-136.529
-148.853
-159.693
-168.671
-175.523
-180.108
-182.386
-182.396
-180.233
-176.032
-170.153
-163.17
-155.387
-147.068
-138.418
-129.594
-120.712
-111.858
-103.104
-94.5034
-86.1075
-77.9573
-70.0781
-62.4998
-55.2805
-48.4666
-42.0534
-36.0714
-30.572
-25.5984
4.54223
-5.9806
-16.0204
-25.8718
-35.7566
-45.8333
-56.2072
-66.9203
-77.9409
-89.1559
-100.36
-111.31
-121.74
-131.329
-139.759
-146.752
-152.094
-155.644
-157.328
-157.13
-155.084
-151.387
-146.482
-140.663
-134.179
-127.234
-119.992
-112.584
-105.111
-97.6549
-90.2858
-83.0604
-76.0289
-69.2183
-62.6631
-56.411
-50.5035
-44.9301
-39.714
-34.8904
-30.4858
2.83267
-6.08862
-14.5257
-22.7141
-30.8209
-38.9772
-47.2764
-55.7673
-64.4503
-73.2765
-82.1364
-90.8954
-99.3944
-107.424
-114.757
-121.168
-126.454
-130.445
-133.019
-134.093
-133.631
-131.693
-128.584
-124.546
-119.8
-114.522
-108.873
-102.975
-96.936
-90.8429
-84.7696
-78.7755
-72.9131
-67.2125
-61.7079
-56.4403
-51.4445
-46.7109
-42.2566
-38.1087
-34.2827
1.57988
-6.05471
-13.2275
-20.1281
-26.883
-33.6024
-40.3671
-47.2222
-54.1788
-61.2161
-68.2734
-75.2739
-82.1231
-88.6882
-94.8147
-100.34
-105.103
-108.955
-111.77
-113.447
-113.918
-113.161
-111.366
-108.722
-105.395
-101.539
-97.2846
-92.747
-88.0239
-83.1956
-78.3345
-73.497
-68.7348
-64.077
-59.5573
-55.2098
-51.0655
-47.1167
-43.3787
-39.8725
-36.6077
0.685826
-5.94082
-12.1355
-18.0518
-23.787
-29.4362
-35.0695
-40.7266
-46.4215
-52.1463
-57.8651
-63.5319
-69.0883
-74.4484
-79.5079
-84.1522
-88.2624
-91.7216
-94.4213
-96.2666
-97.1841
-97.1167
-96.1803
-94.5086
-92.2308
-89.4621
-86.3118
-82.8765
-79.2406
-75.4753
-71.6414
-67.7939
-63.9764
-60.22
-56.5522
-53.0055
-49.6038
-46.3453
-43.2409
-40.3107
-37.5579
0.0599778
-5.75578
-11.1724
-16.3134
-21.2559
-26.0832
-30.8574
-35.6125
-40.363
-45.1065
-49.821
-54.477
-59.0367
-63.4422
-67.6217
-71.4945
-74.9744
-77.9733
-80.406
-82.1932
-83.2685
-83.5651
-83.1527
-82.131
-80.5885
-78.6183
-76.303
-73.7239
-70.9462
-68.0338
-65.0374
-62.0041
-58.9709
-55.9667
-53.0151
-50.1445
-47.374
-44.7048
-42.146
-39.7149
-37.4135
-0.373056
-5.52245
-10.3034
-14.8181
-19.1258
-23.3031
-27.4031
-31.4572
-35.4773
-39.4655
-43.4064
-47.2811
-51.0631
-54.7131
-58.1794
-61.4055
-64.3281
-66.8828
-69.0044
-70.6308
-71.7078
-72.1707
-72.0666
-71.4627
-70.4283
-69.0289
-67.3328
-65.4004
-63.2899
-61.0475
-58.7186
-56.3395
-53.9439
-51.5542
-49.1931
-46.8817
-44.6386
-42.4633
-40.3674
-38.3623
-36.4527
-0.666317
-5.25595
-9.50849
-13.5044
-17.2932
-20.9425
-24.5016
-27.996
-31.4384
-34.8308
-38.1642
-41.4243
-44.5937
-47.6427
-50.5354
-53.2298
-55.6807
-57.8399
-59.6592
-61.0912
-62.0932
-62.6108
-62.674
-62.336
-61.6431
-60.6487
-59.4033
-57.9559
-56.3496
-54.625
-52.8168
-50.9542
-49.0653
-47.1691
-45.2847
-43.4292
-41.6181
-39.8519
-38.1408
-36.4942
-34.9162
-0.855775
-4.97052
-8.77574
-12.3364
-15.6924
-18.9062
-22.0214
-25.0608
-28.0359
-30.9497
-33.7962
-36.5652
-39.244
-41.8111
-44.2398
-46.4994
-48.5567
-50.3764
-51.9225
-53.1598
-54.0559
-54.565
-54.7127
-54.5369
-54.0745
-53.3629
-52.4437
-51.3526
-50.1267
-48.7956
-47.3892
-45.9299
-44.4401
-42.9356
-41.4325
-39.9444
-38.4841
-37.0522
-35.658
-34.3083
-33.0079
-0.969432
-4.67535
-8.09833
-11.2879
-14.2787
-17.1267
-19.8727
-22.5356
-25.1269
-27.6493
-30.0997
-32.4701
-34.7519
-36.9283
-38.98
-40.8839
-42.6157
-44.1491
-45.4579
-46.5157
-47.2986
-47.7709
-47.9532
-47.8765
-47.5659
-47.0529
-46.3673
-45.54
-44.5976
-43.566
-42.4669
-41.3212
-40.1435
-38.9478
-37.7468
-36.5528
-35.3747
-34.2148
-33.0801
-31.9774
-30.9105
-1.02615
-4.37848
-7.47032
-10.3413
-13.0193
-15.5575
-17.9914
-20.3392
-22.6102
-24.8086
-26.932
-28.9752
-30.9312
-32.7881
-34.5309
-36.1428
-37.6053
-38.8994
-40.0057
-40.9049
-41.5798
-42.0023
-42.1917
-42.1709
-41.9615
-41.5859
-41.0702
-40.437
-39.7085
-38.9033
-38.0411
-37.1369
-36.2023
-35.249
-34.2877
-33.3284
-32.3782
-31.4396
-30.5186
-29.6211
-28.7506
-1.0416
-4.08438
-6.88808
-9.482
-11.8907
-14.1629
-16.3311
-18.4113
-20.4127
-22.3392
-24.1898
-25.9608
-27.6472
-29.2401
-30.728
-32.0986
-33.3381
-34.4327
-35.3681
-36.1305
-36.7075
-37.0778
-37.2584
-37.2695
-37.1264
-36.8491
-36.456
-35.9671
-35.3982
-34.7656
-34.083
-33.3651
-32.6225
-31.8606
-31.0893
-30.3168
-29.5501
-28.7901
-28.0429
-27.312
-26.6018
-1.02574
-3.79722
-6.34758
-8.69981
-10.874
-12.9164
-14.8558
-16.7074
-18.4788
-20.1753
-21.7957
-23.3385
-24.7993
-26.1721
-27.448
-28.6181
-29.6721
-30.6002
-31.3919
-32.0374
-32.5281
-32.8479
-33.0133
-33.0404
-32.9424
-32.7335
-32.4308
-32.0481
-31.6
-31.0985
-30.5558
-29.9828
-29.3886
-28.7767
-28.155
-27.5307
-26.9091
-26.291
-25.6814
-25.0826
-24.4986
-0.988062
-3.51903
-5.84639
-7.98551
-9.95495
-11.7968
-13.5381
-15.192
-16.7665
-18.2659
-19.691
-21.04
-22.3109
-23.4985
-24.597
-25.5994
-26.4986
-27.2873
-27.9583
-28.5047
-28.9208
-29.1945
-29.3415
-29.3756
-29.3063
-29.1471
-28.9096
-28.6077
-28.2515
-27.8517
-27.4165
-26.9563
-26.4775
-25.9829
-25.4789
-24.9712
-24.4641
-23.9582
-23.4579
-22.9648
-22.4829
-0.933736
-3.25202
-5.38115
-7.33229
-9.12124
-10.7876
-12.3558
-13.8381
-15.242
-16.572
-17.8293
-19.0132
-20.1224
-21.1535
-22.1021
-22.9634
-23.7325
-24.4041
-24.9736
-25.4361
-25.7882
-26.0208
-26.149
-26.1839
-26.1344
-26.0098
-25.8222
-25.5806
-25.295
-24.9728
-24.6217
-24.2476
-23.8586
-23.4583
-23.048
-22.6328
-22.2172
-21.8025
-21.3916
-20.9866
-20.5904
-0.868579
-2.99678
-4.94991
-6.73375
-8.36346
-9.87491
-11.2913
-12.6233
-13.8788
-15.0617
-16.1743
-17.2161
-18.187
-19.0845
-19.906
-20.6478
-21.307
-21.8799
-22.3636
-22.7551
-23.0523
-23.249
-23.359
-23.3925
-23.3554
-23.2573
-23.1062
-22.9114
-22.6795
-22.4178
-22.1318
-21.8272
-21.5099
-21.1835
-20.8481
-20.5081
-20.1674
-19.8273
-19.4902
-19.1576
-18.8323
-0.795406
-2.75454
-4.54992
-6.18518
-7.67311
-9.04775
-10.3299
-11.53
-12.6551
-13.7099
-14.6964
-15.6154
-16.4669
-17.2499
-17.9625
-18.6028
-19.1685
-19.6579
-20.069
-20.4003
-20.6509
-20.8163
-20.9098
-20.9394
-20.9111
-20.8314
-20.7088
-20.5495
-20.3603
-20.1461
-19.9122
-19.6624
-19.4024
-19.1347
-18.8594
-18.5801
-18.2996
-18.0193
-17.741
-17.4659
-17.1962
-0.717965
-2.52513
-4.17968
-5.68171
-7.04361
-8.29637
-9.45962
-10.543
-11.5534
-12.4955
-13.3719
-14.1838
-14.9319
-15.6159
-16.235
-16.7881
-17.2741
-17.6923
-18.0418
-18.322
-18.5326
-18.6711
-18.7493
-18.7748
-18.7515
-18.6865
-18.5853
-18.4545
-18.2984
-18.1223
-17.9295
-17.724
-17.5083
-17.2871
-17.062
-16.8318
-16.5994
-16.3666
-16.1356
-15.9066
-15.682
-0.637692
-2.30918
-3.83682
-5.21995
-6.46881
-7.61312
-8.67024
-9.65005
-10.5587
-11.4016
-12.181
-12.8991
-13.5568
-14.1549
-14.6929
-15.1709
-15.5885
-15.9458
-16.2425
-16.479
-16.6555
-16.7706
-16.8356
-16.8563
-16.8371
-16.7823
-16.6983
-16.5892
-16.4598
-16.3132
-16.1532
-15.9825
-15.8036
-15.6202
-15.4339
-15.2429
-15.0498
-14.8561
-14.664
-14.4735
-14.2868
-0.557061
-2.10622
-3.52032
-4.79614
-5.94416
-6.99103
-7.95355
-8.84067
-9.65901
-10.4135
-11.1073
-11.7426
-12.3211
-12.8439
-13.3114
-13.7242
-14.0828
-14.3876
-14.6392
-14.8381
-14.9855
-15.0806
-15.1335
-15.15
-15.1326
-15.0864
-15.0154
-14.9243
-14.8159
-14.6939
-14.5605
-14.4187
-14.2699
-14.118
-13.9639
-13.8056
-13.6455
-13.4851
-13.326
-13.1684
-13.014
-0.476746
-1.91663
-3.22811
-4.408
-5.46508
-6.4246
-7.30211
-8.10625
-8.84365
-9.51933
-10.1369
-10.6988
-11.2074
-11.6639
-12.0697
-12.4257
-12.7329
-12.9923
-13.2049
-13.3716
-13.4939
-13.5713
-13.6138
-13.6252
-13.6092
-13.5687
-13.5082
-13.4306
-13.3393
-13.2362
-13.1242
-13.0051
-12.8807
-12.7535
-12.6248
-12.4932
-12.3602
-12.2267
-12.0942
-11.9629
-11.834
-0.398456
-1.73979
-2.95948
-4.05257
-5.02803
-5.90893
-6.70979
-7.43928
-8.10386
-8.7089
-9.25816
-9.75466
-10.2009
-10.5989
-10.9502
-11.2563
-11.5186
-11.7385
-11.9172
-12.056
-12.1566
-12.2193
-12.2524
-12.2605
-12.245
-12.21
-12.158
-12.0926
-12.0154
-11.9289
-11.8349
-11.7353
-11.6316
-11.5246
-11.4169
-11.3091
-11.1992
-11.0882
-10.9779
-10.8689
-10.7617
-0.32244
-1.57602
-2.71274
-3.72814
-4.62993
-5.43966
-6.17144
-6.83326
-7.4322
-7.97335
-8.46127
-8.8989
-9.28957
-9.63518
-9.93823
-10.2001
-10.4229
-10.6079
-10.7571
-10.8714
-10.9529
-11.0017
-11.0263
-11.0294
-11.0137
-10.9811
-10.9352
-10.8777
-10.8109
-10.7366
-10.6564
-10.5715
-10.4835
-10.3925
-10.3016
-10.2105
-10.1175
-10.0237
-9.93064
-9.83882
-9.74856
-0.250004
-1.42473
-2.48751
-3.43269
-4.2681
-5.01368
-5.68248
-6.28299
-6.82204
-7.30539
-7.73751
-8.12216
-8.46249
-8.76131
-9.02092
-9.2436
-9.43119
-9.58575
-9.70881
-9.8022
-9.86742
-9.90557
-9.92341
-9.92437
-9.90928
-9.88123
-9.8418
-9.79344
-9.7375
-9.6758
-9.60911
-9.53881
-9.46558
-9.39036
-9.3151
-9.23999
-9.16339
-9.08616
-9.00967
-8.9344
-8.86055
-0.18126
-1.28632
-2.28246
-3.1649
-3.94041
-4.62769
-5.2394
-5.7839
-6.26827
-6.69863
-7.07983
-7.41605
-7.71077
-7.96713
-8.18763
-8.37484
-8.53074
-8.65749
-8.75669
-8.83016
-8.87934
-8.90536
-8.91481
-8.90956
-8.89178
-8.86252
-8.82447
-8.77909
-8.72825
-8.67247
-8.61351
-8.55148
-8.48761
-8.42189
-8.35688
-8.29182
-8.22537
-8.15846
-8.09227
-8.02726
-7.96343
-0.117327
-1.16048
-2.09761
-2.9232
-3.64441
-4.2787
-4.83831
-5.33166
-5.7661
-6.14786
-6.48229
-6.77391
-7.02668
-7.24408
-7.429
-7.58418
-7.71186
-7.81442
-7.89366
-7.95159
-7.98974
-8.0095
-8.01605
-8.01191
-7.9972
-7.97411
-7.94379
-7.90817
-7.86748
-7.82371
-7.7765
-7.72718
-7.67614
-7.62405
-7.57218
-7.52045
-7.46769
-7.4145
-7.36192
-7.31034
-7.25981
-0.0582622
-1.04807
-1.93279
-2.7078
-3.37939
-3.96455
-4.47551
-4.9214
-5.30965
-5.64704
-5.93872
-6.1897
-6.40386
-6.5853
-6.73692
-6.86192
-6.96231
-7.04047
-7.09776
-7.13606
-7.15659
-7.16072
-7.154
-7.13757
-7.11313
-7.08166
-7.04545
-7.00486
-6.96204
-6.91615
-6.86928
-6.82091
-6.77235
-6.72265
-6.67425
-6.62599
-6.57728
-6.52852
-6.48042
-6.43329
-6.387
-0.00487567
-0.948999
-1.78909
-2.5198
-3.14741
-3.68751
-4.15259
-4.55238
-4.89566
-5.18993
-5.44129
-5.65462
-5.83412
-5.98328
-6.10558
-6.20408
-6.28199
-6.34194
-6.38649
-6.41742
-6.43645
-6.4448
-6.44571
-6.44049
-6.42895
-6.41254
-6.39118
-6.36694
-6.33866
-6.3086
-6.27584
-6.2423
-6.2073
-6.17202
-6.13557
-6.10036
-6.06529
-6.02971
-5.99418
-5.95947
-5.92561
0.0428867
-0.862943
-1.66404
-2.35675
-2.94664
-3.4483
-3.87335
-4.23147
-4.53172
-4.78259
-4.99164
-5.16528
-5.3088
-5.42604
-5.51987
-5.59205
-5.64423
-5.67762
-5.69389
-5.6945
-5.68144
-5.65625
-5.62425
-5.58715
-5.547
-5.50409
-5.46099
-5.41666
-5.37325
-5.32946
-5.28722
-5.24503
-5.2039
-5.16336
-5.124
-5.08579
-5.04879
-5.01241
-4.97653
-4.9419
-4.90801
0.0836069
-0.789264
-1.55412
-2.20884
-2.7614
-3.22686
-3.61751
-3.94266
-4.21048
-4.42808
-4.60205
-4.73867
-4.84438
-4.92537
-4.98765
-5.03626
-5.07535
-5.10752
-5.13455
-5.15689
-5.17501
-5.18842
-5.19819
-5.20415
-5.20486
-5.20174
-5.19334
-5.18195
-5.16621
-5.14855
-5.12757
-5.10551
-5.0817
-5.05756
-5.03225
-5.00807
-4.98396
-4.96
-4.93646
-4.91397
-4.89225
0.116009
-0.732674
-1.46601
-2.08265
-2.5913
-3.00955
-3.3531
-3.63521
-3.86674
-4.05608
-4.20918
-4.32977
-4.4202
-4.48184
-4.51608
-4.52455
-4.50985
-4.47514
-4.42416
-4.36063
-4.28799
-4.20967
-4.13148
-4.05542
-3.98398
-3.91656
-3.85544
-3.79877
-3.74796
-3.70082
-3.65836
-3.61859
-3.58211
-3.54834
-3.51746
-3.48831
-3.46157
-3.43678
-3.41324
-3.3913
-3.36997
0.13942
-0.70186
-1.42567
-2.02728
-2.51111
-2.89076
-3.18178
-3.39957
-3.55955
-3.67613
-3.76223
-3.82885
-3.88494
-3.93711
-3.98972
-4.0448
-4.1026
-4.16175
-4.22048
-4.27633
-4.32788
-4.37319
-4.41077
-4.44038
-4.46013
-4.47247
-4.47594
-4.47357
-4.46438
-4.45168
-4.43472
-4.41565
-4.39465
-4.37261
-4.34972
-4.32722
-4.30508
-4.2834
-4.26201
-4.24163
-4.22162
0.153671
-0.696077
-1.43246
-2.0541
-2.56293
-2.96693
-3.27512
-3.49687
-3.64178
-3.71948
-3.7393
-3.7102
-3.64062
-3.53874
-3.41218
-3.26839
-3.11411
-2.95565
-2.79803
-2.64561
-2.50082
-2.36623
-2.24559
-2.13918
-2.04706
-1.96745
-1.89995
-1.84316
-1.79572
-1.7544
-1.71821
-1.68715
-1.66114
-1.63933
-1.61891
-1.6026
-1.5892
-1.57732
-1.56665
-1.55686
-1.54865
0.156792
-0.685339
-1.38822
-1.96642
-2.4383
-2.8238
-3.13981
-3.39953
-3.61327
-3.78918
-3.93371
-4.05203
-4.14831
-4.2259
-4.28741
-4.33482
-4.36969
-4.39321
-4.40651
-4.41084
-4.40743
-4.39779
-4.38113
-4.35803
-4.3301
-4.29909
-4.26632
-4.23288
-4.20068
-4.17147
-4.14601
-4.12329
-4.10336
-4.08512
-4.07017
-4.05703
-4.04614
-4.03753
-4.03173
-4.02854
-4.02755
44.0575
40.5278
34.5623
32.3763
30.0577
27.0262
24.2251
21.8934
19.8606
18.0318
16.416
14.9873
13.7366
12.6132
11.604
10.6551
9.84382
9.21315
8.72543
8.13775
7.44963
6.82164
6.29633
5.82521
5.43264
5.06266
4.73383
4.42725
4.16579
3.96626
3.77033
3.65004
3.50786
3.37329
3.17882
2.87051
2.64605
2.41029
2.25752
2.22537
2.27991
2.38689
2.38082
2.37704
2.31683
2.14185
1.92558
1.77373
1.64228
1.57954
1.55566
1.52543
1.53966
1.53352
1.44191
1.34522
1.10955
1.01595
0.826471
0.71108
0.622001
0.558148
0.552466
0.505295
0.464187
0.466394
0.514912
0.552595
0.584498
0.555262
0.524128
0.448382
0.363646
0.0583378
43.3988
40.2227
34.2151
32.1623
29.9005
26.8598
24.0456
21.7005
19.6558
17.8277
16.2258
14.8167
13.5733
12.4454
11.4218
10.4665
9.66073
9.06836
8.6087
8.0262
7.33615
6.70282
6.17205
5.70081
5.31208
4.9539
4.64215
4.35818
4.12029
3.93478
3.74238
3.60275
3.43851
3.28076
3.07981
2.7891
2.58354
2.38229
2.25644
2.23646
2.28648
2.37209
2.34884
2.31901
2.24407
2.07354
1.87463
1.74236
1.63653
1.59557
1.5805
1.54871
1.54782
1.52561
1.42042
1.31402
1.07982
0.985423
0.810297
0.702311
0.619503
0.558295
0.549814
0.504415
0.45923
0.46036
0.509047
0.549696
0.58272
0.553363
0.522837
0.446831
0.36356
0.0578862
42.8158
39.7767
33.8827
31.9034
29.7103
26.6729
23.8455
21.4898
19.4399
17.6184
16.0299
14.629
13.3762
12.2315
11.2069
10.2673
9.47332
8.89443
8.43983
7.86333
7.18339
6.55603
6.03023
5.57054
5.19315
4.85263
4.55898
4.29437
4.07175
3.89076
3.69384
3.53088
3.34352
3.16882
2.97223
2.71002
2.53158
2.36399
2.26228
2.2474
2.28397
2.34344
2.29903
2.24632
2.15996
2.00686
1.83164
1.72204
1.64151
1.61861
1.6069
1.57063
1.55148
1.51156
1.39613
1.28078
1.05513
0.958422
0.796168
0.695551
0.617349
0.55879
0.546581
0.502127
0.454396
0.454655
0.503052
0.546515
0.580598
0.551636
0.520717
0.443718
0.362026
0.0563759
41.8686
39.1202
33.4722
31.5902
29.4842
26.4609
23.624
21.2685
19.2238
17.4109
15.8283
14.423
13.1519
11.9915
10.9815
10.0781
9.29321
8.68801
8.20528
7.64067
6.99224
6.38783
5.87971
5.43913
5.07657
4.75346
4.47438
4.22176
4.00555
3.81948
3.61303
3.42865
3.22365
3.04212
2.86193
2.63821
2.49308
2.35598
2.27219
2.25316
2.26706
2.29609
2.2289
2.15875
2.06705
1.93605
1.79003
1.70778
1.65007
1.64165
1.62913
1.58588
1.54767
1.49045
1.36741
1.2463
1.03117
0.933495
0.784834
0.691643
0.616462
0.560568
0.543457
0.499449
0.450663
0.44982
0.496974
0.542511
0.577521
0.549412
0.517204
0.438584
0.35879
0.0539487
40.4796
38.1043
32.7577
31.0342
29.1053
26.1613
23.346
21.016
18.9951
17.1952
15.612
14.197
12.9127
11.7491
10.7584
9.89403
9.11935
8.46445
7.9263
7.36368
6.75881
6.19501
5.71656
5.29986
4.95196
4.64217
4.37172
4.1244
3.90677
3.70943
3.49294
3.29473
3.08483
2.90907
2.75502
2.57579
2.46533
2.3548
2.27972
2.24794
2.23263
2.229
2.141
2.05896
1.97008
1.86233
1.75071
1.69879
1.66164
1.66175
1.6423
1.58715
1.52831
1.45401
1.3269
1.20465
1.00443
0.909181
0.773608
0.687438
0.614823
0.561222
0.539524
0.495508
0.446955
0.445471
0.490978
0.53805
0.573799
0.547075
0.513393
0.432631
0.354615
0.0511933
38.2949
36.4003
31.5317
30.0479
28.3948
25.6339
22.9009
20.6381
18.6766
16.9143
15.3474
13.9401
12.6651
11.5164
10.5403
9.69819
8.93304
8.24499
7.64267
7.0604
6.48944
5.97223
5.53177
5.14347
4.80976
4.50842
4.24026
3.99266
3.76944
3.56152
3.34059
3.13903
2.93739
2.77974
2.65911
2.52564
2.44715
2.35564
2.27923
2.22547
2.1752
2.138
2.03337
1.94778
1.87117
1.79119
1.71749
1.69652
1.67745
1.6794
1.64849
1.57791
1.49795
1.40728
1.2775
1.15744
0.974164
0.884911
0.76253
0.683925
0.613946
0.561946
0.535481
0.491171
0.443643
0.441402
0.48446
0.532005
0.568155
0.543264
0.508165
0.425146
0.349109
0.0481059
34.5075
33.467
29.3957
28.2492
27.0371
24.6649
22.1508
20.0286
18.178
16.4896
14.9646
13.5898
12.3512
11.2437
10.2927
9.46758
8.72479
8.0311
7.385
6.77475
6.2107
5.72313
5.31693
4.95862
4.64076
4.34662
4.0781
3.82793
3.60025
3.38854
3.17395
2.98165
2.79968
2.66642
2.57816
2.48503
2.43058
2.34977
2.26311
2.18103
2.09356
2.02386
1.90884
1.82781
1.77238
1.72769
1.69568
1.70525
1.70025
1.69699
1.64893
1.55904
1.45723
1.351
1.22045
1.1055
0.941618
0.858973
0.74997
0.679237
0.61233
0.560848
0.530273
0.485691
0.43978
0.437248
0.477661
0.524956
0.561012
0.538274
0.502226
0.416992
0.342708
0.0447591
28.1936
28.7551
25.9928
25.2281
24.5292
22.7618
20.679
18.8552
17.2551
15.768
14.3883
13.1196
11.9594
10.91
9.98743
9.17208
8.44094
7.76324
7.13194
6.52651
5.95585
5.46671
5.07492
4.74229
4.44347
4.15921
3.89156
3.64033
3.41305
3.20681
3.00947
2.83812
2.68373
2.57662
2.51315
2.44666
2.40255
2.32188
2.21951
2.10756
1.98491
1.8865
1.7677
1.70055
1.67495
1.6708
1.68248
1.72044
1.72543
1.71154
1.64324
1.53237
1.40988
1.28988
1.15964
1.0517
0.907683
0.834421
0.739578
0.676345
0.611798
0.55969
0.524987
0.480177
0.436238
0.433227
0.470319
0.516154
0.551486
0.531009
0.494439
0.407484
0.33517
0.0411198
20.2665
22.6379
21.5924
21.2877
21.0646
19.9577
18.3855
16.9078
15.5998
14.3779
13.2308
12.1702
11.1956
10.304
9.50094
8.77039
8.09104
7.45316
6.86529
6.30262
5.74829
5.24106
4.82435
4.48913
4.20561
3.94138
3.68658
3.44219
3.22094
3.0263
2.85226
2.70805
2.58429
2.50081
2.45174
2.39624
2.34643
2.25432
2.13199
1.99455
1.84676
1.72993
1.61653
1.5703
1.58044
1.62103
1.67648
1.73928
1.74931
1.71987
1.62793
1.49447
1.35253
1.22148
1.09455
0.996565
0.874473
0.811528
0.730452
0.673006
0.609967
0.556378
0.518285
0.473609
0.432109
0.429152
0.462997
0.50671
0.540638
0.522326
0.485769
0.397604
0.32709
0.0374378
12.4826
15.9451
16.5174
16.838
17.0927
16.6577
15.6767
14.6044
13.6026
12.6398
11.7084
10.8304
10.0153
9.26277
8.57909
7.9615
7.39797
6.87817
6.4008
5.94341
5.488
5.04888
4.64975
4.29522
3.9834
3.70486
3.45209
3.22012
3.01541
2.84137
2.69512
2.57983
2.48423
2.41792
2.37227
2.31382
2.24734
2.13639
1.99332
1.83577
1.6746
1.55357
1.45797
1.4422
1.4928
1.5778
1.67333
1.75607
1.7671
1.7191
1.6018
1.44457
1.28465
1.1452
1.02387
0.938298
0.839465
0.790377
0.723091
0.670308
0.608101
0.552771
0.511367
0.466805
0.427845
0.424906
0.455228
0.495876
0.527754
0.511337
0.475151
0.386605
0.318237
0.0338309
5.25888
9.03973
10.757
11.8185
12.592
12.7946
12.453
11.8772
11.2547
10.6107
9.95224
9.3041
8.67836
8.07375
7.49606
6.95654
6.46483
6.02733
5.63804
5.275
4.92017
4.58279
4.28204
4.0175
3.77304
3.529
3.27928
3.03381
2.81539
2.64012
2.51005
2.42047
2.35267
2.30253
2.25648
2.18842
2.10075
1.97023
1.81068
1.64215
1.48003
1.36706
1.29914
1.31979
1.41344
1.54202
1.67251
1.76967
1.77712
1.70741
1.56255
1.3801
1.20268
1.05699
0.943942
0.873822
0.800606
0.766483
0.713303
0.665127
0.604175
0.547236
0.503081
0.458629
0.422263
0.419888
0.447277
0.484711
0.514039
0.499115
0.463558
0.375236
0.308877
0.0304324
-1.64889
2.11173
4.50334
6.25461
7.57082
8.35937
8.64384
8.61371
8.42747
8.14754
7.80366
7.42674
7.03413
6.62789
6.21322
5.8047
5.42172
5.07639
4.7683
4.48016
4.195
3.91703
3.66744
3.46007
3.29143
3.14288
2.99213
2.82621
2.65197
2.48752
2.35103
2.25247
2.18243
2.13202
2.08244
2.00905
1.90971
1.76974
1.60441
1.43569
1.28373
1.18866
1.15379
1.21181
1.34455
1.50988
1.66792
1.77442
1.77656
1.68477
1.51188
1.30304
1.10824
0.957449
0.854193
0.801632
0.755449
0.740183
0.702806
0.660568
0.601315
0.542706
0.495306
0.450242
0.415798
0.413719
0.438339
0.47227
0.498729
0.484889
0.450031
0.362706
0.298596
0.027233
-8.46364
-4.78387
-2.0135
0.263403
2.08134
3.40131
4.26553
4.78752
5.07731
5.20393
5.21326
5.14361
5.01887
4.84799
4.6378
4.40376
4.16668
3.94625
3.74821
3.5636
3.37613
3.1804
2.9882
2.81673
2.67697
2.56771
2.47686
2.38918
2.29821
2.20829
2.12835
2.06415
2.00908
1.956
1.89273
1.80518
1.69365
1.55081
1.3903
1.23287
1.10062
1.03017
1.0304
1.12365
1.28909
1.48113
1.65527
1.76208
1.7553
1.64254
1.44447
1.21211
1.00138
0.846257
0.753531
0.720647
0.70378
0.709556
0.690472
0.656219
0.599411
0.538609
0.487269
0.440708
0.407479
0.405788
0.428424
0.459357
0.482988
0.469924
0.435714
0.349757
0.287452
0.0242931
-15.0745
-11.4895
-8.51873
-5.90502
-3.69186
-1.92279
-0.558804
0.4709
1.23395
1.78477
2.17162
2.43567
2.60715
2.70261
2.73249
2.70961
2.65355
2.58419
2.51633
2.45122
2.37906
2.29177
2.19223
2.09278
2.00714
1.94206
1.89392
1.85195
1.80855
1.76477
1.72843
1.70575
1.69214
1.67784
1.64804
1.58817
1.49514
1.36581
1.2149
1.06602
0.946592
0.8928
0.918714
1.03895
1.22952
1.44337
1.62741
1.72947
1.71118
1.57751
1.35622
1.1034
0.87987
0.722782
0.641814
0.629881
0.643621
0.67522
0.67804
0.654959
0.601837
0.538377
0.481568
0.43152
0.397836
0.395579
0.416328
0.444574
0.465768
0.45341
0.419811
0.335728
0.275047
0.0216113
-21.2163
-17.7811
-14.7558
-11.9809
-9.52073
-7.42518
-5.67424
-4.22375
-3.0369
-2.07898
-1.31307
-0.70178
-0.213897
0.172025
0.469155
0.688447
0.84406
0.955836
1.04248
1.11487
1.17319
1.21126
1.22635
1.22467
1.21861
1.21953
1.23101
1.2476
1.26012
1.26398
1.26214
1.26115
1.26374
1.26864
1.26865
1.25304
1.21452
1.14502
1.04891
0.941717
0.848758
0.806103
0.837006
0.958142
1.15067
1.36896
1.55637
1.65663
1.63438
1.48965
1.25349
0.984587
0.748319
0.58716
0.515961
0.525529
0.572188
0.633299
0.662672
0.654776
0.607289
0.541125
0.477529
0.422111
0.386125
0.382438
0.401691
0.428149
0.447685
0.436282
0.403315
0.321334
0.261278
0.0193782
-26.5931
-23.388
-20.4397
-17.6624
-15.113
-12.8391
-10.8358
-9.08208
-7.56103
-6.25625
-5.14547
-4.20199
-3.4002
-2.71957
-2.14668
-1.67152
-1.28245
-0.962822
-0.693775
-0.458831
-0.250917
-0.0716991
0.0753326
0.191488
0.285058
0.368104
0.44987
0.531758
0.60906
0.675323
0.727642
0.767735
0.798965
0.824615
0.844897
0.856436
0.855401
0.836071
0.798715
0.751582
0.712273
0.708257
0.761472
0.886557
1.07008
1.27546
1.44878
1.53933
1.51394
1.36893
1.1332
0.861627
0.61959
0.454201
0.387125
0.411386
0.486191
0.579004
0.639959
0.654206
0.617714
0.551172
0.479746
0.415702
0.373601
0.365673
0.382577
0.40774
0.426803
0.417207
0.385326
0.306038
0.245692
0.017794
-30.9016
-28.0102
-25.2636
-22.6256
-20.1383
-17.8385
-15.7316
-13.8133
-12.0802
-10.5283
-9.14825
-7.9263
-6.84695
-5.89593
-5.06154
-4.33474
-3.7052
-3.16101
-2.6863
-2.26645
-1.89193
-1.55942
-1.26968
-1.02282
-0.813581
-0.632038
-0.467449
-0.312081
-0.164889
-0.0299157
0.0877352
0.185984
0.266656
0.334009
0.391457
0.439385
0.475969
0.497566
0.50364
0.499862
0.500401
0.528073
0.603791
0.740227
0.927295
1.13031
1.30243
1.39372
1.37194
1.2337
1.00611
0.739833
0.498185
0.331432
0.266927
0.301005
0.396837
0.515162
0.605704
0.644658
0.624299
0.562551
0.486141
0.41311
0.36195
0.346436
0.358998
0.382748
0.402473
0.396034
0.366234
0.290433
0.228129
0.0175356
-33.7324
-31.21
-28.7561
-26.3629
-24.0576
-21.8667
-19.7992
-17.8609
-16.0552
-14.3858
-12.8519
-11.4505
-10.1751
-9.01851
-7.97404
-7.03437
-6.19326
-5.44249
-4.77314
-4.17548
-3.6405
-3.16182
-2.73654
-2.362
-2.03427
-1.74637
-1.48804
-1.25007
-1.02721
-0.820098
-0.632617
-0.468173
-0.326947
-0.205895
-0.101069
-0.010027
0.0676704
0.130777
0.179241
0.216939
0.254133
0.308203
0.397232
0.533228
0.710703
0.905847
1.07692
1.18001
1.18227
1.07594
0.879589
0.635375
0.402753
0.235655
0.16862
0.204234
0.311733
0.449987
0.566636
0.630326
0.628121
0.573803
0.494352
0.412367
0.350495
0.324797
0.330618
0.351873
0.372709
0.370806
0.344561
0.273849
0.208129
0.0193697
-35.1459
-32.9979
-30.8712
-28.7681
-26.7082
-24.7074
-22.777
-20.9243
-19.1574
-17.4824
-15.9041
-14.4252
-13.0459
-11.7662
-10.5839
-9.49722
-8.50326
-7.59909
-6.78019
-6.04069
-5.37316
-4.77077
-4.2272
-3.73794
-3.29933
-2.90585
-2.55036
-2.22467
-1.92295
-1.64292
-1.38613
-1.15509
-0.95118
-0.773242
-0.6185
-0.483967
-0.367284
-0.266749
-0.180082
-0.102904
-0.027286
0.0588252
0.168131
0.308946
0.478345
0.657244
0.816907
0.921332
0.94346
0.87414
0.723749
0.523499
0.322826
0.171953
0.107623
0.138852
0.244454
0.387486
0.519722
0.604554
0.622649
0.580637
0.502167
0.412551
0.338541
0.300184
0.297183
0.315119
0.337592
0.341524
0.320503
0.256678
0.185392
0.0245889
-35.4085
-33.6151
-31.8154
-30.0135
-28.2222
-26.4514
-24.7113
-23.0089
-21.3537
-19.7526
-18.2138
-16.7427
-15.3454
-14.0249
-12.7849
-11.6266
-10.5511
-9.55698
-8.64251
-7.80396
-7.03613
-6.33294
-5.6884
-5.0982
-4.55869
-4.06648
-3.61695
-3.20493
-2.8251
-2.47442
-2.15186
-1.85861
-1.59587
-1.36386
-1.16105
-0.984493
-0.83047
-0.694764
-0.572558
-0.458185
-0.344773
-0.224124
-0.08849
0.0664122
0.23656
0.409403
0.560765
0.665043
0.701299
0.661003
0.550835
0.395228
0.234833
0.113083
0.0635702
0.0970034
0.198616
0.338047
0.473003
0.568088
0.60126
0.572919
0.501062
0.409554
0.326459
0.274946
0.260407
0.272401
0.295572
0.306184
0.292401
0.238149
0.158552
0.0351968
-34.7988
-33.3275
-31.8339
-30.3207
-28.7941
-27.2635
-25.7357
-24.2191
-22.7212
-21.251
-19.8162
-18.425
-17.0836
-15.7983
-14.5732
-13.4117
-12.3156
-11.2853
-10.3202
-9.41867
-8.57841
-7.79623
-7.06887
-6.39358
-5.76818
-5.19067
-4.65895
-4.16966
-3.71941
-3.30464
-2.92359
-2.57561
-2.26131
-1.98091
-1.73308
-1.51498
-1.32213
-1.14889
-0.98893
-0.835899
-0.683782
-0.527252
-0.362522
-0.188902
-0.0104204
0.160918
0.310113
0.417721
0.468397
0.45498
0.381997
0.268689
0.147622
0.0551284
0.0210564
0.0572742
0.154553
0.288028
0.422113
0.522941
0.567053
0.550287
0.485935
0.396095
0.308448
0.247534
0.222859
0.22811
0.25028
0.266559
0.260578
0.218212
0.124982
0.0557404
-33.5584
-32.3656
-31.1449
-29.8933
-28.6156
-27.3207
-26.0143
-24.7034
-23.394
-22.0943
-20.8105
-19.5496
-18.317
-17.1177
-15.9565
-14.8364
-13.7609
-12.731
-11.7487
-10.8151
-9.93106
-9.09661
-8.31159
-7.57547
-6.88746
-6.24703
-5.65296
-5.10366
-4.59655
-4.12918
-3.69898
-3.30472
-2.94583
-2.62137
-2.32995
-2.06866
-1.83305
-1.61734
-1.41523
-1.22078
-1.02916
-0.83714
-0.643543
-0.449849
-0.261446
-0.0855282
0.0648219
0.177973
0.243085
0.25516
0.217713
0.145504
0.0634019
6.3902e-05
-0.019585
0.0165023
0.104061
0.225681
0.352805
0.455837
0.511113
0.509626
0.458323
0.375376
0.287073
0.219269
0.185665
0.184357
0.204939
0.225852
0.227163
0.1978
0.0824261
0.0937491
-31.8974
-30.9427
-29.962
-28.9466
-27.9005
-26.8325
-25.7463
-24.6463
-23.5359
-22.4207
-21.3046
-20.1929
-19.089
-17.9979
-16.9235
-15.8699
-14.8412
-13.8411
-12.8732
-11.9408
-11.0472
-10.1947
-9.38518
-8.61953
-7.89823
-7.22131
-6.5884
-5.9985
-5.45041
-4.94196
-4.47131
-4.03677
-3.63651
-3.26924
-2.93328
-2.62611
-2.34388
-2.08183
-1.83495
-1.59861
-1.36931
-1.14511
-0.926145
-0.714825
-0.515205
-0.334785
-0.180129
-0.0597825
0.0197051
0.055512
0.0508115
0.0167442
-0.028315
-0.0627496
-0.0668379
-0.0295639
0.0482632
0.154644
0.268898
0.36694
0.42804
0.441298
0.40827
0.341381
0.262061
0.194477
0.155046
0.146938
0.16411
0.187776
0.195409
0.179501
0.036324
0.151597
-30.0096
-29.2584
-28.4872
-27.6799
-26.841
-25.9771
-25.0914
-24.1839
-23.2571
-22.3132
-21.3561
-20.3886
-19.4147
-18.4381
-17.4636
-16.4956
-15.5396
-14.5993
-13.6797
-12.7848
-11.9185
-11.0839
-10.2836
-9.51936
-8.79226
-8.10295
-7.4515
-6.838
-6.26168
-5.72161
-5.21657
-4.74467
-4.30454
-3.89491
-3.51451
-3.16137
-2.8328
-2.52572
-2.23677
-1.96287
-1.70155
-1.45154
-1.21294
-0.987733
-0.779902
-0.592782
-0.43262
-0.303483
-0.209187
-0.151003
-0.126041
-0.126012
-0.137595
-0.144807
-0.132436
-0.0908343
-0.0189349
0.0759135
0.17797
0.268823
0.331421
0.355187
0.339019
0.291128
0.227976
0.169771
0.132212
0.121156
0.134353
0.157537
0.168492
0.164264
0.00558166
0.208752
-28.0247
-27.4426
-26.8449
-26.2103
-25.5428
-24.8487
-24.1297
-23.3845
-22.6146
-21.8214
-21.0085
-20.1782
-19.3345
-18.4803
-17.6204
-16.7583
-15.8994
-15.0464
-14.2042
-13.376
-12.5656
-11.7759
-11.0096
-10.2688
-9.55537
-8.87043
-8.21503
-7.58986
-6.99521
-6.43123
-5.89733
-5.39285
-4.91724
-4.47003
-4.05049
-3.65749
-3.28982
-2.94561
-2.6231
-2.32021
-2.03516
-1.76629
-1.51364
-1.27839
-1.06222
-0.868791
-0.700262
-0.559744
-0.44913
-0.368703
-0.315993
-0.284912
-0.265916
-0.247278
-0.217418
-0.168191
-0.0973154
-0.00965435
0.0841083
0.169778
0.233687
0.266238
0.26488
0.234814
0.188586
0.142974
0.112332
0.103413
0.115774
0.138385
0.151038
0.153353
0.0148777
0.221778
-26.0151
-25.5654
-25.1024
-24.603
-24.0703
-23.5124
-22.9298
-22.3218
-21.6885
-21.0325
-20.3556
-19.6604
-18.9489
-18.2236
-17.4875
-16.7428
-15.9936
-15.2415
-14.4903
-13.7425
-13.0013
-12.2693
-11.5496
-10.8445
-10.1566
-9.48763
-8.83959
-8.21393
-7.61197
-7.03477
-6.48285
-5.95685
-5.45714
-4.98398
-4.53726
-4.11703
-3.72251
-3.35325
-3.00797
-2.68533
-2.383
-2.10023
-1.83603
-1.59085
-1.3661
-1.16233
-0.982436
-0.827252
-0.697962
-0.594487
-0.514869
-0.454721
-0.407181
-0.363667
-0.315372
-0.25557
-0.181713
-0.096086
-0.00664045
0.076408
0.142472
0.183386
0.19587
0.182679
0.152872
0.119928
0.0967051
0.0906487
0.103188
0.125662
0.141514
0.145558
0.0706555
0.161686
-24.0199
-23.6706
-23.3121
-22.9197
-22.4974
-22.054
-21.5899
-21.104
-20.5956
-20.0664
-19.517
-18.949
-18.3627
-17.7596
-17.1413
-16.5091
-15.8655
-15.2117
-14.5504
-13.8836
-13.2142
-12.5447
-11.8784
-11.218
-10.5664
-9.92597
-9.29923
-8.68821
-8.09495
-7.52111
-6.96818
-6.4375
-5.9301
-5.44662
-4.98798
-4.55416
-4.14556
-3.76176
-3.40207
-3.06448
-2.74855
-2.45233
-2.17584
-1.91871
-1.68105
-1.46418
-1.2687
-1.09571
-0.945834
-0.818839
-0.713224
-0.625827
-0.551678
-0.484452
-0.417464
-0.34531
-0.265224
-0.178623
-0.0903087
-0.0078032
0.06094
0.109317
0.133965
0.135996
0.121615
0.101135
0.0854169
0.081891
0.0936427
0.114353
0.133615
0.136249
0.142908
0.0517047
-22.0919
-21.8239
-21.5515
-21.2495
-20.922
-20.5776
-20.2163
-19.8358
-19.4347
-19.0138
-18.5726
-18.1118
-17.6309
-17.1312
-16.6132
-16.078
-15.5273
-14.9623
-14.3849
-13.797
-13.201
-12.5994
-11.9951
-11.3907
-10.7891
-10.1927
-9.60411
-9.02542
-8.45889
-7.90644
-7.36991
-6.85097
-6.35084
-5.871
-5.41211
-4.97516
-4.56047
-4.1681
-3.79685
-3.44698
-3.11671
-2.80643
-2.51503
-2.2428
-1.9899
-1.75637
-1.54365
-1.35186
-1.18141
-1.03207
-0.902691
-0.790905
-0.693075
-0.604437
-0.5199
-0.435085
-0.347583
-0.257383
-0.168043
-0.0846265
-0.0129849
0.0417372
0.0765106
0.0915199
0.0908885
0.0822652
0.0743714
0.0739816
0.0848736
0.102559
0.122983
0.122887
0.182241
-0.042973
-20.2744
-20.0734
-19.8717
-19.6431
-19.3923
-19.1266
-18.8461
-18.5475
-18.2298
-17.8925
-17.5361
-17.16
-16.7649
-16.3508
-15.9187
-15.4687
-15.0027
-14.5207
-14.025
-13.5168
-12.9984
-12.4714
-11.9382
-11.4007
-10.8612
-10.3217
-9.78453
-9.25145
-8.72466
-8.20595
-7.69737
-7.20056
-6.71729
-6.24893
-5.79682
-5.36202
-4.94532
-4.54659
-4.16674
-3.80485
-3.46191
-3.13696
-2.83089
-2.54325
-2.27455
-2.02531
-1.79617
-1.5873
-1.39882
-1.23038
-1.08099
-0.948831
-0.831123
-0.72423
-0.624237
-0.527643
-0.432066
-0.337486
-0.245594
-0.160038
-0.0850858
-0.0247019
0.0185362
0.0443509
0.0554806
0.0575743
0.0575669
0.0613135
0.0726639
0.0883933
0.108128
0.107162
0.167188
-0.0718178
-18.5762
-18.4261
-18.2769
-18.1026
-17.9081
-17.7005
-17.48
-17.2434
-16.99
-16.7194
-16.4322
-16.1279
-15.8066
-15.4683
-15.1134
-14.7422
-14.3556
-13.9536
-13.5379
-13.1093
-12.6693
-12.2187
-11.7592
-11.2917
-10.8181
-10.3396
-9.85813
-9.37527
-8.89299
-8.41301
-7.93733
-7.46772
-7.00607
-6.55402
-6.11314
-5.68485
-5.26997
-4.86995
-4.48491
-4.11626
-3.76373
-3.42873
-3.11082
-2.8113
-2.53038
-2.26856
-2.02663
-1.80433
-1.60168
-1.41822
-1.25301
-1.10459
-0.970748
-0.848708
-0.735385
-0.627948
-0.524514
-0.424215
-0.32841
-0.239404
-0.160311
-0.09418
-0.0431507
-0.00772005
0.013896
0.0258592
0.0336222
0.0422247
0.0552304
0.0706971
0.0889622
0.0899415
0.122535
-0.0461843
-16.9857
-16.8724
-16.7612
-16.6274
-16.476
-16.314
-16.142
-15.9567
-15.7578
-15.5447
-15.3179
-15.0767
-14.8206
-14.5497
-14.2638
-13.9632
-13.6483
-13.3189
-12.976
-12.6198
-12.2511
-11.8702
-11.478
-11.0752
-10.6629
-10.2421
-9.81442
-9.38109
-8.94391
-8.50445
-8.06467
-7.6263
-7.19123
-6.76119
-6.3379
-5.92283
-5.51761
-5.12328
-4.74142
-4.37256
-4.01843
-3.67908
-3.35627
-3.05029
-2.76219
-2.49235
-2.24153
-2.0096
-1.79638
-1.60139
-1.42376
-1.26222
-1.11505
-0.980052
-0.854823
-0.737134
-0.625135
-0.518403
-0.417229
-0.323305
-0.238928
-0.166463
-0.107687
-0.0632054
-0.0318879
-0.0106827
0.00469585
0.0185445
0.034043
0.0504716
0.067485
0.0714201
0.0833429
-0.0138172
-15.5082
-15.424
-15.343
-15.2429
-15.1277
-15.005
-14.8744
-14.7337
-14.5811
-14.4169
-14.2406
-14.0515
-13.8495
-13.6341
-13.4058
-13.1639
-12.9092
-12.6406
-12.3586
-12.0631
-11.7544
-11.4326
-11.0984
-10.7523
-10.395
-10.0274
-9.65072
-9.26597
-8.87472
-8.47833
-8.07843
-7.67658
-7.2745
-6.87377
-6.47602
-6.08281
-5.6956
-5.31594
-4.94501
-4.58464
-4.23551
-3.89955
-3.57729
-3.27042
-2.9794
-2.7053
-2.44856
-2.20939
-1.98782
-1.7833
-1.5951
-1.4222
-1.26323
-1.11645
-0.979996
-0.852023
-0.731264
-0.616713
-0.508854
-0.4087
-0.31797
-0.238525
-0.171852
-0.118585
-0.0780563
-0.0480459
-0.0252384
-0.00599267
0.0124117
0.0302982
0.0466027
0.0531577
0.0591855
-0.000527945
-14.1447
-14.0844
-14.0285
-13.9559
-13.8704
-13.779
-13.6813
-13.5748
-13.4581
-13.3311
-13.1936
-13.0453
-12.8856
-12.7147
-12.5325
-12.3384
-12.1323
-11.9136
-11.682
-11.4372
-11.1796
-10.9091
-10.6263
-10.3314
-10.0251
-9.70798
-9.38103
-9.04501
-8.70109
-8.35028
-7.9939
-7.63316
-7.26941
-6.904
-6.53829
-6.17363
-5.81144
-5.45309
-5.10024
-4.75411
-4.41656
-4.08859
-3.77214
-3.46799
-3.17766
-2.90179
-2.64133
-2.3968
-2.16823
-1.95545
-1.75798
-1.57501
-1.40549
-1.24803
-1.10117
-0.963515
-0.833695
-0.71139
-0.596422
-0.489631
-0.392311
-0.305941
-0.231781
-0.170471
-0.121642
-0.0836805
-0.0540143
-0.0295893
-0.00808998
0.0115191
0.0277961
0.0368831
0.0420322
0.00108376
-12.8983
-12.8563
-12.819
-12.7664
-12.7024
-12.6337
-12.5597
-12.4783
-12.3882
-12.2897
-12.1823
-12.066
-11.9403
-11.8049
-11.6598
-11.5043
-11.3384
-11.1611
-10.9724
-10.7717
-10.5595
-10.3353
-10.0996
-9.85243
-9.59423
-9.32526
-9.0462
-8.75752
-8.4601
-8.15465
-7.84212
-7.52339
-7.19951
-6.8715
-6.54045
-6.20752
-5.87386
-5.5408
-5.20971
-4.88218
-4.55959
-4.24384
-3.9361
-3.63822
-3.35116
-3.07619
-2.81417
-2.56592
-2.33188
-2.11228
-1.90687
-1.71525
-1.53654
-1.36978
-1.21375
-1.06728
-0.929606
-0.799862
-0.678261
-0.565274
-0.461864
-0.369227
-0.288414
-0.220046
-0.163929
-0.118898
-0.0829625
-0.0535722
-0.028789
-0.00707904
0.00984546
0.0217989
0.0251598
0.00227845
-11.7384
-11.7093
-11.6849
-11.6467
-11.5986
-11.5468
-11.491
-11.4294
-11.3607
-11.2851
-11.2025
-11.1124
-11.0142
-10.9077
-10.7928
-10.669
-10.5364
-10.3941
-10.2421
-10.08
-9.90784
-9.72532
-9.53235
-9.32863
-9.11436
-8.8895
-8.65444
-8.40944
-8.15507
-7.8918
-7.62038
-7.34147
-7.05588
-6.76443
-6.46796
-6.1674
-5.86371
-5.55805
-5.25158
-4.94571
-4.64204
-4.34191
-4.0473
-3.75936
-3.47961
-3.20904
-2.94902
-2.70036
-2.46392
-2.24025
-2.02961
-1.83179
-1.64641
-1.47264
-1.30969
-1.15667
-1.01262
-0.877333
-0.750621
-0.632862
-0.524778
-0.427285
-0.341277
-0.267291
-0.205253
-0.154303
-0.112901
-0.078922
-0.0507413
-0.0265099
-0.00815731
0.00701872
0.00908352
0.00510322
-10.6831
-10.6635
-10.6489
-10.622
-10.5867
-10.5486
-10.5078
-10.4621
-10.4107
-10.3535
-10.2906
-10.2213
-10.1455
-10.0625
-9.97249
-9.87493
-9.77002
-9.65698
-9.53579
-9.40608
-9.26777
-9.12035
-8.96357
-8.79698
-8.62048
-8.4338
-8.23709
-8.03034
-7.81394
-7.58818
-7.35363
-7.11076
-6.86029
-6.60286
-6.33921
-6.0701
-5.79632
-5.5188
-5.23851
-4.95666
-4.67445
-4.39357
-4.11528
-3.84118
-3.5724
-3.31022
-3.05586
-2.81033
-2.57475
-2.35005
-2.13679
-1.93526
-1.74527
-1.56656
-1.39848
-1.24032
-1.09167
-0.951964
-0.821256
-0.699737
-0.587903
-0.486465
-0.39615
-0.317393
-0.250164
-0.193828
-0.1472
-0.108523
-0.0764567
-0.0489889
-0.0281646
-0.00920926
-0.00610343
0.00636771
-9.68352
-9.67178
-9.66498
-9.64715
-9.62199
-9.59461
-9.56532
-9.53203
-9.49413
-9.45148
-9.40423
-9.35187
-9.29389
-9.23011
-9.16025
-9.08429
-9.00192
-8.91284
-8.81669
-8.71317
-8.60221
-8.4834
-8.35644
-8.22082
-8.07633
-7.92253
-7.75934
-7.58653
-7.40425
-7.21255
-7.01185
-6.80248
-6.58503
-6.36004
-6.12818
-5.89006
-5.64638
-5.39788
-5.14536
-4.88973
-4.63216
-4.37375
-4.11595
-3.85987
-3.60668
-3.35742
-3.11346
-2.87572
-2.6455
-2.42397
-2.21204
-2.01028
-1.81904
-1.63828
-1.46775
-1.3071
-1.15581
-1.0138
-0.880882
-0.75721
-0.643135
-0.539201
-0.445962
-0.36375
-0.292534
-0.231845
-0.180762
-0.137833
-0.101947
-0.0710493
-0.0471771
-0.0242537
-0.0181662
0.00691235
-8.80798
-8.80192
-8.80034
-8.789
-8.77125
-8.75177
-8.73091
-8.7069
-8.67918
-8.64765
-8.61246
-8.57312
-8.52945
-8.48086
-8.42725
-8.36812
-8.30356
-8.23298
-8.1562
-8.07299
-7.9834
-7.8871
-7.78387
-7.67325
-7.55498
-7.42855
-7.29371
-7.15005
-6.99752
-6.83596
-6.66557
-6.48646
-6.29908
-6.1038
-5.90121
-5.69186
-5.47636
-5.25535
-5.02949
-4.79955
-4.56636
-4.33098
-4.09445
-3.85773
-3.62174
-3.38746
-3.1561
-2.92853
-2.7061
-2.49011
-2.2817
-2.08177
-1.89096
-1.70963
-1.53788
-1.37552
-1.22252
-1.07861
-0.94379
-0.818139
-0.701945
-0.595597
-0.49955
-0.414025
-0.338977
-0.27405
-0.218508
-0.171144
-0.13102
-0.0961227
-0.0683658
-0.0409409
-0.0304164
0.00514478
-7.91896
-7.91699
-7.9195
-7.9132
-7.90116
-7.8879
-7.87379
-7.85728
-7.8378
-7.81534
-7.79003
-7.76154
-7.72931
-7.69303
-7.6523
-7.60706
-7.55698
-7.50192
-7.4414
-7.37528
-7.30365
-7.22631
-7.14314
-7.05379
-6.95805
-6.85544
-6.74571
-6.62832
-6.50307
-6.36956
-6.2278
-6.07766
-5.91941
-5.75321
-5.57953
-5.39873
-5.21141
-5.01808
-4.81936
-4.61589
-4.40839
-4.19774
-3.98461
-3.76999
-3.55435
-3.3387
-3.12394
-2.91092
-2.70095
-2.49536
-2.29538
-2.10204
-1.91627
-1.73867
-1.56962
-1.40933
-1.2577
-1.11483
-0.980677
-0.855429
-0.73927
-0.632639
-0.535794
-0.448905
-0.371958
-0.304627
-0.246318
-0.195977
-0.152792
-0.114804
-0.08373
-0.052435
-0.037384
0.00569861
-7.22459
-7.225
-7.22907
-7.22564
-7.21741
-7.20824
-7.19849
-7.18684
-7.17274
-7.1562
-7.13733
-7.11583
-7.09153
-7.06404
-7.03305
-6.99808
-6.95897
-6.91545
-6.86705
-6.81357
-6.75518
-6.69172
-6.62314
-6.54919
-6.46982
-6.38466
-6.29352
-6.19588
-6.09153
-5.97997
-5.86108
-5.73448
-5.60022
-5.45822
-5.30877
-5.15207
-4.98862
-4.8188
-4.64322
-4.46237
-4.277
-4.08754
-3.89507
-3.69983
-3.50257
-3.30388
-3.10481
-2.90593
-2.70842
-2.51361
-2.32266
-2.13665
-1.95659
-1.78325
-1.61727
-1.45896
-1.30861
-1.16633
-1.03233
-0.906786
-0.790075
-0.682391
-0.584072
-0.495211
-0.415823
-0.345626
-0.284085
-0.230252
-0.183395
-0.141618
-0.106374
-0.0704926
-0.0497275
0.00109073
-6.35593
-6.35878
-6.36563
-6.36566
-6.36129
-6.35637
-6.35125
-6.34477
-6.33633
-6.32599
-6.31396
-6.29993
-6.28373
-6.26477
-6.24289
-6.2178
-6.18942
-6.15741
-6.12116
-6.08043
-6.03531
-5.9856
-5.93141
-5.87256
-5.80912
-5.74081
-5.66759
-5.58904
-5.50503
-5.41502
-5.31885
-5.21598
-5.10637
-4.98963
-4.86595
-4.73521
-4.59784
-4.45402
-4.30426
-4.14898
-3.98862
-3.82417
-3.65563
-3.48413
-3.30958
-3.13313
-2.95503
-2.77608
-2.59728
-2.41978
-2.24456
-2.07262
-1.90494
-1.74236
-1.58565
-1.43532
-1.29181
-1.15546
-1.02661
-0.905645
-0.792752
-0.68835
-0.592564
-0.505631
-0.427478
-0.357881
-0.29633
-0.241974
-0.194108
-0.150902
-0.113513
-0.0748639
-0.0497835
0.00444692
-5.90234
-5.90489
-5.90981
-5.90924
-5.90538
-5.90111
-5.89669
-5.89114
-5.88399
-5.87524
-5.8649
-5.85302
-5.83891
-5.82301
-5.80463
-5.78376
-5.75983
-5.73309
-5.70252
-5.66782
-5.62918
-5.58636
-5.53935
-5.48801
-5.43251
-5.37272
-5.30874
-5.24028
-5.16731
-5.08941
-5.00644
-4.9178
-4.82336
-4.72259
-4.61551
-4.50183
-4.38186
-4.25557
-4.12343
-3.98567
-3.84306
-3.6956
-3.54454
-3.38971
-3.23183
-3.07125
-2.90885
-2.74486
-2.58005
-2.41545
-2.25187
-2.09016
-1.93122
-1.77593
-1.62511
-1.47948
-1.33964
-1.20611
-1.07943
-0.959961
-0.848115
-0.74411
-0.648235
-0.560516
-0.480998
-0.40937
-0.345204
-0.287713
-0.236239
-0.189023
-0.146894
-0.103076
-0.0707522
-0.00801817
-4.88685
-4.89242
-4.90165
-4.90551
-4.90607
-4.90634
-4.90679
-4.90634
-4.90457
-4.90139
-4.89695
-4.89093
-4.88404
-4.87508
-4.86469
-4.85197
-4.83753
-4.82058
-4.80084
-4.77798
-4.75191
-4.72225
-4.68904
-4.65205
-4.61146
-4.56713
-4.51928
-4.46773
-4.41262
-4.3536
-4.29059
-4.22303
-4.15074
-4.07309
-3.99004
-3.90109
-3.80641
-3.70582
-3.59967
-3.48818
-3.37164
-3.25111
-3.12621
-2.99818
-2.86663
-2.73268
-2.59597
-2.45722
-2.31694
-2.17583
-2.03444
-1.89356
-1.75394
-1.61652
-1.48215
-1.35168
-1.22585
-1.10533
-0.990754
-0.882582
-0.78119
-0.686857
-0.599639
-0.519687
-0.446798
-0.380762
-0.321112
-0.267184
-0.21834
-0.172874
-0.131291
-0.0869765
-0.0521788
0.00765708
-4.87764
-4.87998
-4.88232
-4.88034
-4.87607
-4.87122
-4.86588
-4.85941
-4.85154
-4.84236
-4.83175
-4.82055
-4.80734
-4.79373
-4.77817
-4.76138
-4.74217
-4.72188
-4.69896
-4.6732
-4.64484
-4.61358
-4.57924
-4.54146
-4.50038
-4.45588
-4.40818
-4.35718
-4.30307
-4.24564
-4.18497
-4.12061
-4.05248
-3.97996
-3.90293
-3.82086
-3.73383
-3.64155
-3.54433
-3.4422
-3.33593
-3.22511
-3.11126
-2.99376
-2.87338
-2.75005
-2.62452
-2.49666
-2.36671
-2.23531
-2.10288
-1.97006
-1.83756
-1.70628
-1.57712
-1.45097
-1.32867
-1.21098
-1.09854
-0.991885
-0.891392
-0.797219
-0.709511
-0.628147
-0.553018
-0.483773
-0.420106
-0.361344
-0.306947
-0.255286
-0.206448
-0.154364
-0.107837
-0.0301458
-3.35801
-3.366
-3.37734
-3.38446
-3.38872
-3.39262
-3.3965
-3.39966
-3.40176
-3.4027
-3.40296
-3.40176
-3.40039
-3.397
-3.39292
-3.38738
-3.38149
-3.3736
-3.36461
-3.35423
-3.3421
-3.3278
-3.31128
-3.29228
-3.27082
-3.24663
-3.21982
-3.19017
-3.15787
-3.12276
-3.08496
-3.04425
-3.00063
-2.95376
-2.90358
-2.8496
-2.79183
-2.72981
-2.66362
-2.59316
-2.51821
-2.44009
-2.35776
-2.27265
-2.18412
-2.09324
-1.99924
-1.90285
-1.80423
-1.70368
-1.6015
-1.49828
-1.39465
-1.29148
-1.18956
-1.0898
-0.992952
-0.899773
-0.810867
-0.726728
-0.647698
-0.573926
-0.505417
-0.442073
-0.383587
-0.32977
-0.280083
-0.234115
-0.191151
-0.149562
-0.109009
-0.0630279
-0.0213813
0.0338224
-4.20906
-4.208
-4.20375
-4.19598
-4.18718
-4.17787
-4.16775
-4.15634
-4.1436
-4.12968
-4.1143
-4.09883
-4.0816
-4.06497
-4.04694
-4.02813
-4.00714
-3.98632
-3.96312
-3.93765
-3.91078
-3.88242
-3.85249
-3.82045
-3.78628
-3.74963
-3.71054
-3.66873
-3.62435
-3.5773
-3.52787
-3.47606
-3.42221
-3.36622
-3.30821
-3.24794
-3.18526
-3.11976
-3.05133
-2.97945
-2.90471
-2.82575
-2.74411
-2.65872
-2.57048
-2.47901
-2.38535
-2.28917
-2.19063
-2.09015
-1.98807
-1.88488
-1.78107
-1.67732
-1.5743
-1.47274
-1.37326
-1.27649
-1.18293
-1.09302
-1.00709
-0.925293
-0.847734
-0.774254
-0.704817
-0.639036
-0.576827
-0.517568
-0.460757
-0.404866
-0.348744
-0.28702
-0.217381
-0.101845
-1.54003
-1.54444
-1.55306
-1.55981
-1.56506
-1.57049
-1.57651
-1.58243
-1.58738
-1.59227
-1.5945
-1.59501
-1.59301
-1.58849
-1.58438
-1.5815
-1.57996
-1.57542
-1.57284
-1.57136
-1.56921
-1.56602
-1.56173
-1.55647
-1.54997
-1.54193
-1.53207
-1.52014
-1.50612
-1.48993
-1.47181
-1.45188
-1.4305
-1.4078
-1.38409
-1.35924
-1.33342
-1.30608
-1.27708
-1.24609
-1.21205
-1.17567
-1.13567
-1.09309
-1.0479
-1.0005
-0.950224
-0.898394
-0.845139
-0.790451
-0.73469
-0.678288
-0.621674
-0.565289
-0.509601
-0.455105
-0.402239
-0.351421
-0.302986
-0.257245
-0.214411
-0.174642
-0.13796
-0.104322
-0.0735364
-0.0454742
-0.0197441
0.00403966
0.0265244
0.0494863
0.0745032
0.109515
0.143234
0.157902
-4.0293
-4.02754
-4.01621
-4.00378
-3.99265
-3.98163
-3.9693
-3.95599
-3.94203
-3.92676
-3.91168
-3.89616
-3.88061
-3.86491
-3.84784
-3.82847
-3.80748
-3.78622
-3.76348
-3.73891
-3.71354
-3.68733
-3.66078
-3.63313
-3.60439
-3.57401
-3.54214
-3.5085
-3.47327
-3.43634
-3.39791
-3.35804
-3.31695
-3.27475
-3.23152
-3.18729
-3.14201
-3.09556
-3.04774
-2.99832
-2.9472
-2.89382
-2.83825
-2.78038
-2.72025
-2.65787
-2.59275
-2.52593
-2.4573
-2.38694
-2.31497
-2.24171
-2.16721
-2.09178
-2.01554
-1.93886
-1.86191
-1.78503
-1.70841
-1.63236
-1.55709
-1.48285
-1.40983
-1.33819
-1.26805
-1.19945
-1.13246
-1.06702
-1.00275
-0.93902
-0.871992
-0.797179
-0.657456
-0.406891
1.10304
1.98854
2.75619
3.39967
3.93414
4.38095
4.75922
5.08452
5.36873
5.62076
5.84692
6.05186
6.23882
6.41013
6.56732
6.71139
6.84299
6.9625
7.07038
7.16703
7.25331
7.32963
7.39544
7.45006
7.49465
7.52988
7.55716
7.57703
7.59102
7.59977
7.60476
7.60654
7.60631
7.60423
7.60202
7.59915
7.59653
7.5943
7.59308
7.59266
7.59377
1.09596
1.96621
2.74268
3.41579
3.99034
4.47342
4.87167
5.19192
5.44124
5.62625
5.75342
5.82884
5.85855
5.84838
5.80417
5.73156
5.63628
5.52353
5.3984
5.26504
5.1272
4.98801
4.85135
4.71983
4.5953
4.4789
4.37124
4.27267
4.18293
4.10169
4.02862
3.96208
3.9025
3.84838
3.80052
3.75649
3.71775
3.68324
3.65225
3.62443
3.59901
1.08818
1.95099
2.71888
3.37433
3.92302
4.37385
4.73669
5.02318
5.24554
5.41563
5.54454
5.64238
5.71801
5.77893
5.83106
5.8788
5.92498
5.97125
6.01809
6.06549
6.11287
6.15951
6.20484
6.24782
6.28719
6.3226
6.35348
6.38005
6.40212
6.42007
6.43415
6.44524
6.45309
6.45858
6.46116
6.46243
6.46138
6.45869
6.45473
6.44991
6.44398
1.08453
1.95454
2.72917
3.38802
3.94371
4.40989
4.79918
5.12428
5.39652
5.62528
5.81783
5.97971
6.11475
6.22564
6.31407
6.38144
6.42893
6.45801
6.47019
6.46736
6.45125
6.42398
6.38884
6.34803
6.30318
6.25598
6.20774
6.1595
6.11198
6.06578
6.02114
5.978
5.9367
5.89704
5.85938
5.8231
5.78892
5.75657
5.7257
5.69639
5.66815
1.08402
1.9728
2.77008
3.45307
4.03855
4.53993
4.96765
5.33134
5.63949
5.89877
6.11495
6.29303
6.43775
6.55364
6.64503
6.71617
6.77081
6.81237
6.8435
6.86643
6.88268
6.89337
6.9007
6.90539
6.90736
6.907
6.90445
6.90003
6.89376
6.88597
6.87656
6.86615
6.85452
6.84231
6.82906
6.8156
6.80149
6.78693
6.77188
6.75658
6.74083
1.08478
2.00055
2.82721
3.53774
4.15164
4.68154
5.13623
5.52501
5.8561
6.13723
6.37495
6.57572
6.74484
6.8873
7.00672
7.10642
7.18847
7.2549
7.30684
7.34564
7.37208
7.38713
7.39348
7.39258
7.38507
7.37224
7.35498
7.33436
7.31105
7.28573
7.25909
7.23129
7.20286
7.17378
7.14447
7.11496
7.08541
7.0559
7.02638
6.99707
6.96791
1.08717
2.03678
2.89718
3.63645
4.27834
4.83621
5.31935
5.73744
6.09937
6.41261
6.68356
6.91755
7.11911
7.2918
7.43871
7.56234
7.66511
7.74899
7.81605
7.86784
7.90612
7.93175
7.94848
7.95763
7.96019
7.95706
7.94939
7.93787
7.92328
7.90608
7.88675
7.86586
7.84346
7.82002
7.79537
7.77017
7.74406
7.71729
7.69008
7.66269
7.63533
1.09206
2.08278
2.98313
3.75639
4.4316
5.02335
5.54109
5.99449
6.39196
6.74021
7.04484
7.31052
7.54145
7.74109
7.91271
8.05897
8.1825
8.28528
8.36933
8.43602
8.48693
8.52255
8.54695
8.56155
8.56741
8.56561
8.55755
8.54416
8.52641
8.5049
8.48041
8.45332
8.42414
8.39319
8.36084
8.32735
8.29303
8.2581
8.22279
8.18741
8.15229
1.10052
2.13983
3.08721
3.90071
4.61485
5.24512
5.80079
6.29143
6.72519
7.10848
7.44672
7.7445
8.00603
8.2347
8.43362
8.60525
8.75198
8.87559
8.97795
9.06039
9.12451
9.17071
9.20356
9.22483
9.23574
9.23759
9.23196
9.21997
9.2027
9.18094
9.15544
9.12689
9.09567
9.06233
9.02706
8.99051
8.95273
8.9141
8.87501
8.83577
8.79686
1.11298
2.20851
3.20972
4.06896
4.82651
5.49873
6.09503
6.62517
7.0975
7.51835
7.89302
8.22589
8.52092
8.78117
9.00948
9.20807
9.37919
9.52454
9.64598
9.74481
9.82264
9.87965
9.92088
9.94837
9.96347
9.96769
9.96285
9.95025
9.93116
9.90646
9.87711
9.84378
9.8072
9.7678
9.72627
9.68294
9.63825
9.59253
9.54621
9.49964
9.45337
1.13045
2.28966
3.35132
4.26169
5.0672
5.78558
6.42619
6.99959
7.51397
7.97577
8.38987
8.76051
9.09127
9.38508
9.64451
9.87173
10.0688
10.2374
10.3793
10.4958
10.5883
10.6568
10.7068
10.7407
10.7601
10.7666
10.7625
10.7491
10.728
10.7002
10.6668
10.6287
10.5866
10.5412
10.4932
10.4432
10.3915
10.3387
10.2852
10.2314
10.1779
1.15365
2.38446
3.51361
4.48092
5.33986
6.109
6.79857
7.41899
7.9792
8.48499
8.94155
9.35248
9.72162
10.0513
10.3444
10.6024
10.8276
11.0214
11.1854
11.3207
11.4288
11.5094
11.5685
11.6087
11.632
11.6403
11.636
11.6207
11.5962
11.5637
11.5245
11.4797
11.4301
11.3766
11.3201
11.2612
11.2004
11.1384
11.0756
11.0124
10.9497
1.18415
2.49474
3.69885
4.72948
5.64752
6.47272
7.21568
7.88747
8.49713
9.05067
9.55289
10.0076
10.418
10.7869
11.1162
11.4078
11.6634
11.8845
12.0722
12.2279
12.3527
12.4461
12.5145
12.5612
12.588
12.5974
12.5919
12.5737
12.5446
12.5061
12.4597
12.4066
12.3481
12.2851
12.2185
12.1493
12.0782
12.0056
11.9321
11.8584
11.7851
1.22317
2.62251
3.90957
5.0105
5.99361
6.88058
7.6818
8.40973
9.07313
9.67869
10.2305
10.7328
11.1883
11.5996
11.9684
12.2966
12.5851
12.8358
13.0492
13.2269
13.3695
13.4765
13.5543
13.6072
13.637
13.6467
13.6389
13.6164
13.5811
13.5349
13.4796
13.4167
13.3474
13.273
13.1946
13.1131
13.0293
12.944
12.8577
12.7711
12.685
1.27285
2.77033
4.14909
5.32747
6.38261
7.33715
8.20255
8.99163
9.71408
10.3762
10.9824
11.5364
12.0412
12.4987
12.9108
13.2786
13.6033
13.886
14.1276
14.3288
14.4907
14.6116
14.6993
14.7579
14.7901
14.7989
14.7876
14.7591
14.7158
14.6599
14.5935
14.5182
14.4358
14.3475
14.2547
14.1586
14.06
13.9595
13.8581
13.7561
13.6549
1.33503
2.94124
4.42114
5.68514
6.8196
7.8486
8.78442
9.64074
10.4278
11.152
11.8178
12.4285
12.9871
13.4954
13.9547
14.3659
14.7301
15.0477
15.3197
15.5464
15.7286
15.8643
15.9615
16.0251
16.0584
16.0645
16.0476
16.0107
15.957
15.8888
15.8086
15.7185
15.6201
15.5152
15.4052
15.2912
15.1747
15.056
14.9364
14.8163
14.697
1.41283
3.13911
4.73046
6.08915
7.31098
8.4222
9.43545
10.3659
11.224
12.0165
12.7476
13.4208
14.0386
14.6026
15.1137
15.5726
15.9799
16.3358
16.6407
16.8947
17.0984
17.2489
17.355
17.4226
17.455
17.4564
17.4312
17.3831
17.3157
17.2319
17.1344
17.0256
16.9076
16.7823
16.6514
16.5162
16.3782
16.238
16.0967
15.9549
15.8143
1.50921
3.36836
5.08303
6.54604
7.86482
9.06651
10.1656
11.1776
12.1143
12.982
13.7855
14.5273
15.2106
15.8359
16.4043
16.9154
17.37
17.7674
18.1079
18.3909
18.6168
18.7818
18.8957
18.9649
18.994
18.9874
18.9503
18.8872
18.802
18.6981
18.5788
18.4469
18.3048
18.1547
17.9985
17.8379
17.6742
17.5083
17.3413
17.1742
17.0083
1.62875
3.63504
5.48567
7.06457
8.49032
9.79264
10.9864
12.0891
13.1127
14.0641
14.9473
15.7656
16.521
17.2144
17.8456
18.4146
18.9207
19.3634
19.7418
20.0554
20.3036
20.4822
20.6014
20.6695
20.6914
20.6726
20.6189
20.5357
20.4274
20.2982
20.1515
19.9911
19.8191
19.6388
19.4519
19.2606
19.0661
18.8696
18.6722
18.475
18.2795
1.77625
3.94598
5.94735
7.65476
9.19946
10.6134
11.9127
13.1162
14.2365
15.2809
16.2531
17.1563
17.992
18.7608
19.4618
20.0942
20.6567
21.1481
21.5668
21.9116
22.1813
22.3711
22.4923
22.5546
22.5638
22.5267
22.45
22.3398
22.2016
22.0401
21.8594
21.6635
21.4556
21.2386
21.0147
20.7864
20.5551
20.3221
20.0886
19.856
19.6257
1.95879
4.3101
6.47901
8.32927
10.0068
11.5452
12.9624
14.2784
15.507
16.6554
17.7273
18.7252
19.6507
20.5033
21.2815
21.9837
22.6075
23.1509
23.6115
23.9873
24.2766
24.4735
24.5911
24.6408
24.63
24.5665
24.4582
24.3124
24.1353
23.9325
23.7091
23.4694
23.217
22.9551
22.6867
22.414
22.1392
21.8628
21.5871
21.3129
21.0423
2.18392
4.73867
7.09387
9.10435
10.9301
12.6085
14.1577
15.6006
16.9508
18.2164
19.4001
20.5047
21.5304
22.4768
23.3404
24.1192
24.809
25.4073
25.9102
26.3151
26.6192
26.8166
26.9219
26.9492
26.9074
26.8061
26.6545
26.4614
26.234
25.979
25.702
25.408
25.1013
24.7853
24.4632
24.1377
23.811
23.4838
23.1584
22.8359
22.5184
2.46299
5.2457
7.80969
9.99975
11.9928
13.8286
15.5275
17.1135
18.6017
19.9998
21.3104
22.535
23.6739
24.7245
25.6831
26.5449
27.3054
27.9598
28.5036
28.9326
29.2438
29.4304
29.5106
29.501
29.4133
29.2588
29.0486
28.7931
28.5009
28.1795
27.8359
27.4753
27.1025
26.7212
26.3353
25.9472
25.5597
25.1733
24.7903
24.4122
24.0411
2.80937
5.84919
8.64865
11.0413
13.2243
15.2387
17.1081
18.857
20.503
22.0519
23.5072
24.868
26.1346
27.3019
28.3649
29.3164
30.1506
30.86
31.4395
31.8831
32.1876
32.3463
32.382
32.315
32.1605
31.932
31.6431
31.3059
30.9306
30.5259
30.0994
29.6575
29.2049
28.746
28.2843
27.8232
27.3649
26.9103
26.4611
26.0198
25.5874
3.24096
6.57358
9.63898
12.2632
14.6623
16.882
18.9464
20.8836
22.7103
24.4337
26.0541
27.571
28.9816
30.2796
31.4564
32.5033
33.4107
34.1702
34.7738
35.2154
35.4905
35.5952
35.558
35.4051
35.1551
34.8254
34.4316
33.9886
33.5077
32.9995
32.4715
31.9314
31.3839
30.8336
30.2841
29.739
29.2002
28.6684
28.1452
27.6331
27.133
3.78132
7.44954
10.819
13.709
16.3579
18.8149
21.106
23.2616
25.299
27.2244
29.0363
30.7318
32.3058
33.7487
35.0483
36.1921
37.1676
37.9636
38.5704
38.981
39.1914
39.2023
39.0516
38.7722
38.3884
37.9211
37.3899
36.8112
36.1986
35.563
34.9135
34.2571
33.5987
32.943
32.2933
31.6533
31.0244
30.4069
29.8017
29.212
28.638
4.46271
8.51937
12.2397
15.4385
18.3793
21.1143
23.6719
26.0847
28.3701
30.5327
32.5678
34.4691
36.2277
37.8294
39.2567
40.4926
41.5203
42.326
42.8983
43.2309
43.3217
43.1806
42.8593
42.3996
41.8324
41.1834
40.4752
39.7266
38.9527
38.165
37.3725
36.5819
35.7983
35.025
34.2654
33.5219
32.7964
32.087
31.3955
30.7237
30.0724
5.3278
9.84075
13.9714
17.5343
20.821
23.8869
26.7626
29.4829
32.0642
34.5083
36.8053
38.9438
40.909
42.6796
44.2309
45.5398
46.5849
47.3498
47.8236
48.0029
47.891
47.5141
46.9441
46.2334
45.4208
44.5363
43.6059
42.6498
41.6841
40.7194
39.7645
38.8247
37.9041
37.004
36.1275
35.2755
34.4493
33.6453
32.8648
32.109
31.3786
6.43831
11.4955
16.1136
20.1136
23.818
27.2852
30.5479
33.6421
36.5822
39.3644
41.9706
44.3808
46.571
48.5096
50.1621
51.498
52.4915
53.1265
53.396
53.3052
52.8695
52.1416
51.2219
50.1743
49.0443
47.8669
46.6685
45.4708
44.2869
43.1272
41.9973
40.9013
39.8396
38.8125
37.8201
36.8628
35.9392
35.0453
34.1798
33.3449
32.5393
7.87994
13.6012
18.8116
23.3477
27.5685
31.5336
35.2775
38.836
42.218
45.41
48.38
51.094
53.5132
55.5915
57.2819
58.5468
59.3599
59.7115
59.6081
59.0734
58.1444
56.9156
55.5241
54.0422
52.5209
50.9948
49.4897
48.0233
46.606
45.2431
43.9362
42.6861
41.489
40.3426
39.2436
38.1907
37.1797
36.2052
35.2637
34.3571
33.4829
9.78292
16.3331
22.2858
27.5003
32.3789
36.9803
41.3391
45.4877
49.4233
53.1138
56.5037
59.5353
62.1479
64.2752
65.8585
66.8588
67.261
67.0775
66.3454
65.1235
63.4841
61.5805
59.5904
57.5854
55.6136
53.7037
51.8752
50.1378
48.4942
46.9424
45.4786
44.0969
42.7898
41.549
40.3695
39.2453
38.1713
37.1378
36.1414
35.181
34.2546
12.3162
19.9227
26.8353
32.9341
38.6741
44.1088
49.27
54.1779
58.8053
63.0851
66.9206
70.2173
72.8835
74.8338
76.0082
76.3879
75.9969
74.8998
73.1914
70.9862
68.4031
65.665
62.9819
60.4049
57.9654
55.6773
53.546
51.5678
49.7338
48.0321
46.4508
44.9774
43.5984
42.3008
41.0754
39.913
38.8059
37.7417
36.7148
35.7226
34.7622
15.6276
24.5362
32.6666
39.8934
46.7438
53.2497
59.4312
65.2786
70.714
75.6063
79.7932
83.1301
85.498
86.8142
87.0574
86.2784
84.59
82.1497
79.1356
75.7267
72.0832
68.4848
65.1426
62.0595
59.2353
56.6591
54.3177
52.1882
50.2489
48.4762
46.8511
45.3532
43.9648
42.6672
41.4486
40.2964
39.2014
38.1478
37.1283
36.1365
35.1678
19.7153
30.1825
39.7811
48.3863
56.6
64.4118
71.8115
78.7231
84.9743
90.3309
94.5442
97.4297
98.8814
98.8863
97.5403
95.035
91.6221
87.5736
83.1454
78.5553
73.968
69.6763
65.8517
62.4312
59.3731
56.6439
54.2076
52.027
50.0665
48.2956
46.6875
45.219
43.8664
42.6095
41.433
40.3255
39.275
38.2655
37.2842
36.3221
35.3703
24.6039
36.9718
48.3797
58.6975
68.5957
77.9933
86.804
94.8183
101.705
107.092
110.66
112.26
111.909
109.787
106.207
101.559
96.2416
90.6108
84.9458
79.4415
74.2141
69.5182
65.4578
61.9015
58.777
56.0312
53.6148
51.4769
49.5733
47.8682
46.3316
44.9364
43.6568
42.471
41.3655
40.3295
39.3522
38.4141
37.4985
36.5899
35.6752
30.324
45.0254
58.6971
71.1685
83.1487
94.4358
104.766
113.695
120.67
125.198
127.019
126.198
123.062
118.115
111.943
105.11
98.0897
91.226
84.7338
78.72
73.2083
68.385
64.2853
60.7348
57.6456
54.9615
52.6234
50.5726
48.7591
47.1455
45.6985
44.3898
43.1902
42.0824
41.0552
40.1046
39.2178
38.3741
37.5482
36.7204
35.8704
36.9191
54.5229
71.0551
86.2516
100.769
114.179
125.876
135.065
140.988
143.222
141.859
137.467
130.843
122.85
114.262
105.684
97.5194
89.9917
83.18
77.0689
71.5898
66.8616
62.8685
59.4212
56.4431
53.8814
51.6715
49.7456
48.0515
46.5501
45.2064
43.9872
42.8667
41.8317
40.8819
40.0165
39.2248
38.481
37.7592
37.0331
36.2734
44.3973
65.6603
85.8318
104.472
121.965
137.453
149.797
157.829
160.853
158.976
153.083
144.448
134.312
123.717
113.405
103.824
95.1895
87.5391
80.8059
74.8724
69.6023
65.0603
61.2089
57.8778
55.0201
52.5934
50.5201
48.7238
47.1516
45.7634
44.519
43.3835
42.3358
41.3729
40.5027
39.7274
39.0346
38.4001
37.8
37.2119
36.5892
52.7077
78.6471
103.458
126.347
147.045
163.928
175.258
179.815
177.667
170.117
159.123
146.538
133.713
121.529
110.455
100.669
92.1535
84.7845
78.3907
72.7966
67.8328
63.5309
59.8364
56.628
53.908
51.6337
49.7058
48.0396
46.5839
45.2956
44.1293
43.0523
42.0538
41.144
40.3362
39.631
39.0138
38.4685
37.9855
37.5548
37.1047
61.7288
93.7469
124.509
152.372
175.822
192.25
199.718
197.935
188.743
175.042
159.599
144.272
130.034
117.334
106.285
96.805
88.7126
81.7851
75.8093
70.5922
65.944
61.8471
58.2646
55.1546
52.5738
50.4599
48.682
47.1505
45.8158
44.6288
43.5396
42.523
41.5816
40.735
39.9955
39.3589
38.8124
38.3579
38.0041
37.7682
37.5342
71.2322
111.313
149.635
182.643
207.028
219.64
219.678
209.277
192.699
174.009
155.876
139.467
125.086
112.73
102.236
93.3644
85.8469
79.428
73.8928
69.0472
64.6848
60.7594
57.239
54.2009
51.749
49.7756
48.1164
46.6842
45.4322
44.305
43.2542
42.2675
41.3588
40.5511
39.8485
39.2438
38.732
38.3424
38.1037
38.0743
38.0769
80.8396
131.833
179.349
216.213
237.753
242.102
231.738
212.319
189.927
168.46
149.507
133.24
119.398
107.713
97.9029
89.6655
82.7082
76.7797
71.6806
67.2121
63.1408
59.353
55.881
52.9416
50.6602
48.8566
47.3377
46.0234
44.868
43.8112
42.813
41.8762
41.0204
40.264
39.5984
39.0199
38.5375
38.2132
38.0878
38.2822
38.5273
89.9565
156.133
213.574
250.498
263.741
256.007
234.659
208.395
183.212
161.414
143.139
127.799
114.876
104.03
94.9454
87.3065
80.8313
75.2948
70.5197
66.3024
62.3888
58.6382
55.1221
52.228
50.066
48.3697
46.9314
45.6813
44.5743
43.5467
42.5714
41.6628
40.8381
40.1078
39.4502
38.8733
38.3992
38.1208
38.0821
38.4846
38.9591
98.0328
185.132
250.483
280.964
280.599
259.467
229.314
199.543
174.086
153.186
135.964
121.593
109.554
99.5156
91.1504
84.1399
78.2111
73.1562
68.8038
64.9331
61.2656
57.595
54.0955
51.3255
49.3381
47.7793
46.4427
45.2717
44.2256
43.24
42.304
41.4358
40.6469
39.9402
39.2869
38.7126
38.2474
38.0083
38.034
38.6196
39.2835
104.263
219.557
286.403
303.066
286.761
254.63
220.275
190.731
166.974
147.711
131.732
118.283
106.958
97.4674
89.5086
82.7998
77.1017
72.2376
68.0475
64.2988
60.6931
56.9764
53.4004
50.6999
48.8293
47.3563
46.0831
44.9608
43.9538
42.996
42.0916
41.254
40.4866
39.7905
39.1322
38.5606
38.1013
37.8903
37.9555
38.6832
39.4837
110.296
257.721
315.553
313.27
282.413
243.058
207.591
179.478
157.468
139.663
124.924
112.623
102.348
93.775
86.5885
80.5177
75.3404
70.898
67.0432
63.5425
60.0909
56.3812
52.7798
50.1841
48.428
47.0278
45.809
44.7283
43.7565
42.8246
41.9499
41.1356
40.3806
39.6864
39.022
38.4519
37.9962
37.7978
37.8817
38.7098
39.588
109.323
295.06
334.554
313.645
274.031
234.062
201.098
175.326
154.71
137.593
123.189
111.061
100.91
92.445
85.3695
79.4217
74.3782
70.0741
66.3548
62.9687
59.5858
55.8392
52.2111
49.7313
48.0851
46.7466
45.572
44.5245
43.5824
42.6718
41.822
41.0255
40.2797
39.5878
38.9224
38.3569
37.9053
37.7124
37.8032
38.7046
39.7457
119.886
325.808
340.395
303.682
256.161
216.319
186.119
163
144.536
129.283
116.57
105.914
96.9433
89.3938
83.0198
77.6107
72.983
69.0017
65.5357
62.3396
59.0736
55.3068
51.6435
49.2509
47.7059
46.4365
45.3143
44.3067
43.399
42.5113
41.6845
40.9034
40.1673
39.4792
38.8148
38.2504
37.7982
37.6022
37.6919
38.6164
40.1621
7.59434
7.58905
7.56876
7.54602
7.52599
7.50657
7.48585
7.46383
7.44099
7.41744
7.39299
7.36756
7.34143
7.31381
7.28676
7.25832
7.2296
7.19889
7.16844
7.13605
7.10181
7.06695
7.03101
6.99425
6.95607
6.91689
6.87631
6.83468
6.79157
6.7472
6.70127
6.65397
6.60502
6.55454
6.50223
6.44819
6.39215
6.33412
6.27397
6.21155
6.14688
6.07975
6.01005
5.93789
5.86268
5.78462
5.70296
5.61837
5.53001
5.43789
5.34193
5.24195
5.13782
5.02946
4.91692
4.80018
4.67929
4.55422
4.42501
4.2916
4.15395
4.01192
3.86527
3.71363
3.55638
3.39256
3.22076
3.03857
2.84174
2.62395
2.36743
2.04977
1.53844
0.763456
3.58254
3.57971
3.58448
3.58877
3.59067
3.59196
3.59359
3.59534
3.5968
3.59789
3.59863
3.59876
3.5989
3.59782
3.59508
3.59166
3.58734
3.58346
3.57729
3.57265
3.56845
3.56318
3.55676
3.54931
3.54095
3.53148
3.52082
3.50895
3.49576
3.48128
3.46525
3.44768
3.4283
3.40712
3.38391
3.35874
3.33145
3.30212
3.27067
3.2372
3.20163
3.16392
3.12418
3.08198
3.03758
2.99082
2.94185
2.89059
2.83717
2.78161
2.7238
2.66381
2.60168
2.53762
2.47179
2.40441
2.33565
2.26561
2.1944
2.12199
2.0483
1.97309
1.89598
1.81636
1.73327
1.64552
1.55089
1.44639
1.32664
1.1846
1.00236
0.768817
0.412607
0.111953
6.43858
6.43964
6.4368
6.43109
6.42502
6.41888
6.41212
6.40436
6.39567
6.38606
6.37552
6.3643
6.35179
6.3392
6.3255
6.31089
6.2943
6.27624
6.25653
6.23436
6.20984
6.18355
6.15518
6.12478
6.09196
6.05681
6.01905
5.97873
5.93551
5.88941
5.84008
5.78758
5.73156
5.67213
5.60892
5.54209
5.47131
5.39672
5.31804
5.23539
5.1486
5.0577
4.9626
4.86336
4.75983
4.65224
4.54033
4.42456
4.30488
4.1815
4.05449
3.92416
3.79079
3.65478
3.51651
3.3764
3.23481
3.09209
2.94853
2.80439
2.6598
2.51479
2.36923
2.22269
2.07468
1.92375
1.76813
1.60486
1.42928
1.23569
1.0119
0.75382
0.429137
0.127703
5.64978
5.64837
5.64952
5.64807
5.6448
5.64139
5.638
5.63424
5.62981
5.62485
5.61932
5.61316
5.60642
5.59855
5.58971
5.5799
5.56926
5.55788
5.54516
5.53168
5.51701
5.50082
5.48288
5.4632
5.44164
5.41822
5.39269
5.36504
5.33496
5.3025
5.2673
5.2294
5.18843
5.14442
5.09704
5.04633
4.99203
4.93417
4.87252
4.80712
4.73776
4.66441
4.58694
4.50514
4.41899
4.32837
4.23344
4.13415
4.03084
3.92372
3.81306
3.69919
3.58245
3.46323
3.34185
3.21862
3.09377
2.96754
2.8401
2.71161
2.58212
2.45153
2.3197
2.18622
2.04991
1.9095
1.7627
1.60652
1.43664
1.24796
1.0307
0.781371
0.469297
0.15872
6.72937
6.73132
6.73339
6.73228
6.72968
6.72697
6.72404
6.72038
6.71577
6.71025
6.70372
6.69625
6.6874
6.67759
6.66621
6.65353
6.63884
6.62265
6.60438
6.58395
6.5611
6.53599
6.50826
6.47799
6.44484
6.40887
6.3697
6.32732
6.28126
6.23148
6.17752
6.11936
6.05657
5.98924
5.91704
5.84015
5.75833
5.67179
5.58032
5.48405
5.38278
5.2765
5.165
5.04827
4.92616
4.79886
4.66646
4.52947
4.38833
4.2436
4.09589
3.94582
3.79399
3.64093
3.48708
3.33285
3.17853
3.02447
2.87094
2.71825
2.56654
2.41611
2.26678
2.11788
1.96866
1.81732
1.66169
1.49888
1.32481
1.13489
0.920567
0.679846
0.386381
0.118372
6.94789
6.94852
6.95137
6.95052
6.9475
6.94442
6.94126
6.9374
6.93243
6.92649
6.91944
6.91124
6.90163
6.89046
6.87776
6.86344
6.84742
6.82968
6.80991
6.7881
6.76398
6.73768
6.70891
6.67777
6.64392
6.60738
6.56763
6.52456
6.47755
6.4265
6.37082
6.31053
6.24517
6.17491
6.09948
6.01914
5.93366
5.84327
5.7477
5.64701
5.54087
5.42918
5.31167
5.18811
5.0586
4.92316
4.78237
4.63653
4.48647
4.33286
4.17646
4.01792
3.85784
3.6967
3.53488
3.37268
3.21039
3.04829
2.88675
2.72607
2.56678
2.40892
2.2524
2.09685
1.94085
1.78311
1.62148
1.45329
1.27487
1.08228
0.868389
0.632844
0.354644
0.106212
7.61604
7.61823
7.62248
7.6226
7.62031
7.61785
7.61507
7.61125
7.60592
7.59923
7.59103
7.58135
7.56985
7.55658
7.54118
7.5237
7.50376
7.48166
7.45688
7.42963
7.3997
7.3672
7.33176
7.29333
7.25142
7.20587
7.15604
7.10172
7.04227
6.97761
6.90722
6.83124
6.74936
6.66189
6.56864
6.46992
6.36548
6.25547
6.13952
6.01762
5.88934
5.75466
5.61333
5.46552
5.31141
5.15156
4.98659
4.81727
4.64456
4.46933
4.29243
4.11455
3.93634
3.75828
3.58075
3.40406
3.22849
3.05436
2.88213
2.71235
2.54512
2.3808
2.21909
2.05903
1.89981
1.7396
1.57638
1.40756
1.22971
1.0393
0.830174
0.602671
0.338327
0.102334
8.12786
8.12983
8.13468
8.13461
8.13149
8.12809
8.12425
8.11914
8.11221
8.10366
8.09333
8.08119
8.06697
8.05052
8.03177
8.01062
7.98699
7.96094
7.93212
7.90062
7.86616
7.82874
7.78786
7.74331
7.69444
7.64102
7.58232
7.5182
7.44809
7.3721
7.28992
7.20185
7.1077
7.00782
6.90197
6.79035
6.67253
6.54849
6.41771
6.28009
6.13523
5.9832
5.82404
5.65798
5.48572
5.30785
5.12553
4.93933
4.75047
4.5598
4.36817
4.17624
3.98465
3.79389
3.60441
3.41655
3.23064
3.04723
2.86682
2.68961
2.51637
2.34681
2.18062
2.01719
1.85498
1.6927
1.52826
1.35922
1.18243
0.99473
0.79065
0.57088
0.318353
0.09562
8.76943
8.77147
8.77666
8.77621
8.77225
8.76784
8.76281
8.75619
8.74735
8.73651
8.72346
8.70824
8.69044
8.67016
8.64717
8.62158
8.593
8.56172
8.5271
8.48928
8.44776
8.40237
8.35241
8.29761
8.23725
8.17111
8.09854
8.01957
7.93385
7.84168
7.74289
7.63791
7.52655
7.40909
7.28516
7.15478
7.01741
6.87293
6.72085
6.56118
6.39375
6.2189
6.03694
5.84856
5.65454
5.45587
5.2536
5.04862
4.84197
4.63452
4.42707
4.22033
4.01495
3.8115
3.61049
3.4123
3.21751
3.02647
2.83953
2.65745
2.47989
2.30708
2.13856
1.97312
1.80993
1.64704
1.48265
1.31448
1.13963
0.955236
0.756301
0.543784
0.301466
0.0906188
9.42057
9.42164
9.42645
9.42464
9.41881
9.41222
9.40494
9.39558
9.38376
9.36935
9.3525
9.33284
9.31037
9.28478
9.25619
9.22451
9.18954
9.15129
9.10921
9.06314
9.01242
8.95675
8.89537
8.82803
8.7541
8.67349
8.58574
8.49106
8.38922
8.28063
8.16512
8.04303
7.91405
7.77828
7.63522
7.48479
7.32644
7.16017
6.98568
6.80328
6.61312
6.41586
6.21213
6.0027
5.78865
5.57087
5.35061
5.12852
4.90573
4.68305
4.46131
4.24128
4.02366
3.80913
3.59822
3.39168
3.18971
2.99287
2.80154
2.61562
2.43565
2.26115
2.09148
1.92589
1.76259
1.60034
1.43723
1.27115
1.09943
0.919339
0.726209
0.5211
0.288066
0.0877317
10.1397
10.1395
10.1434
10.1397
10.1313
10.1218
10.1112
10.098
10.0818
10.0625
10.0403
10.0147
9.98585
9.95332
9.91722
9.87744
9.83371
9.78595
9.73351
9.67613
9.61306
9.54396
9.46808
9.38524
9.29491
9.19718
9.09176
8.97897
8.85863
8.73108
8.59607
8.45374
8.30364
8.14575
7.97954
7.80502
7.62183
7.43027
7.23039
7.02288
6.80823
6.58739
6.36113
6.13042
5.89624
5.6596
5.42154
5.18286
4.94456
4.7075
4.47253
4.24049
4.01216
3.78826
3.56953
3.35623
3.14916
2.94834
2.75391
2.56629
2.38488
2.20982
2.04032
1.87514
1.71324
1.55263
1.39174
1.22867
1.06093
0.885884
0.698987
0.501274
0.276794
0.0857302
10.9044
10.902
10.9039
10.897
10.8846
10.8707
10.8553
10.8367
10.8144
10.7885
10.7591
10.7259
10.6889
10.6479
10.6027
10.5532
10.4988
10.4395
10.3742
10.3029
10.2247
10.1393
10.0462
9.94514
9.83589
9.71866
9.59326
9.46003
9.31875
9.16963
9.01227
8.84666
8.67231
8.48919
8.29694
8.09579
7.88574
7.66744
7.44133
7.2084
6.96941
6.72544
6.47738
6.22612
5.97272
5.71808
5.46336
5.20923
4.95679
4.7069
4.4605
4.21841
3.98149
3.75042
3.5257
3.30811
3.0975
2.89427
2.69849
2.5097
2.32848
2.1539
1.98545
1.82214
1.66206
1.50399
1.34629
1.18714
1.02427
0.854954
0.674658
0.48422
0.267678
0.0843656
11.7315
11.7256
11.7242
11.7127
11.6947
11.6747
11.6527
11.6268
11.5967
11.5623
11.524
11.4812
11.434
11.3821
11.3254
11.2634
11.1957
11.1218
11.0409
10.9527
10.8565
10.7518
10.6383
10.516
10.3848
10.2449
10.0963
9.93909
9.77315
9.59849
9.41468
9.22171
9.01917
8.80724
8.58588
8.35568
8.11702
7.8709
7.61807
7.35969
7.09665
6.83006
6.5608
6.28978
6.01797
5.74637
5.4761
5.20798
4.94307
4.68231
4.4265
4.17664
3.93337
3.69733
3.46908
3.24855
3.03634
2.83215
2.63584
2.44773
2.26697
2.09374
1.92733
1.7663
1.60956
1.45497
1.30129
1.14688
0.989612
0.826569
0.653129
0.469741
0.260606
0.0834526
12.6211
12.6102
12.6039
12.5861
12.5607
12.5328
12.5023
12.4674
12.4276
12.3828
12.3334
12.2789
12.2193
12.154
12.0829
12.0054
11.9209
11.8289
11.7285
11.6194
11.501
11.3732
11.2356
11.0884
10.9316
10.7655
10.5899
10.405
10.2105
10.0064
9.79229
9.56832
9.33438
9.09098
8.83849
8.57786
8.30988
8.03577
7.75648
7.47324
7.18697
6.89873
6.6094
6.31982
6.03098
5.74395
5.45992
5.17977
4.90462
4.6352
4.37253
4.11717
3.86993
3.63116
3.40097
3.17977
2.96704
2.76298
2.56747
2.38011
2.20133
2.03036
1.86665
1.70924
1.55598
1.40564
1.25685
1.10794
0.957015
0.800732
0.634332
0.457701
0.255426
0.0829337
13.5787
13.5611
13.5479
13.522
13.4871
13.4493
13.4081
13.3618
13.3097
13.2521
13.1888
13.1197
13.0441
12.962
12.8726
12.7755
12.6698
12.5553
12.4309
12.2967
12.152
11.997
11.8314
11.6555
11.4694
11.2732
11.0667
10.8502
10.6231
10.3857
10.1379
9.87987
9.61207
9.33536
9.05053
8.75887
8.46145
8.15964
7.85452
7.54727
7.23883
6.93017
6.62217
6.31564
6.01164
5.71124
5.41578
5.12612
4.84316
4.56781
4.3006
4.04236
3.79333
3.55374
3.32362
3.10255
2.89085
2.68802
2.49401
2.30903
2.13226
1.9642
1.80404
1.65054
1.50226
1.35688
1.21358
1.07072
0.92655
0.777253
0.617872
0.447585
0.251637
0.0825403
14.6059
14.5793
14.557
14.5204
14.4736
14.4231
14.3685
14.308
14.2405
14.1666
14.086
13.9983
13.903
13.7997
13.6877
13.5663
13.4349
13.2931
13.1402
12.9762
12.8009
12.6143
12.4166
12.2079
11.9882
11.7578
11.5164
11.2641
11.0009
10.727
10.4426
10.1484
9.84526
9.53439
9.21696
8.89448
8.56823
8.23963
7.90978
7.57985
7.25072
6.92335
6.59859
6.27733
5.96051
5.64948
5.34522
5.04878
4.76095
4.48226
4.21331
3.95436
3.70565
3.467
3.2381
3.01897
2.80894
2.60825
2.4168
2.23418
2.06111
1.8967
1.74074
1.59217
1.4486
1.30873
1.17153
1.03524
0.898278
0.756156
0.603714
0.439303
0.249103
0.0822395
15.7056
15.6674
15.6331
15.5827
15.5209
15.4544
15.3828
15.3043
15.2177
15.1234
15.0211
14.9105
14.7907
14.6614
14.5216
14.3711
14.2089
14.0349
13.8487
13.6503
13.4397
13.2171
12.9826
12.7366
12.4789
12.2099
11.9295
11.6378
11.3351
11.0219
10.6989
10.3673
10.0281
9.6831
9.33356
8.9812
8.62737
8.27347
7.92061
7.56987
7.22214
6.87832
6.53933
6.20598
5.87937
5.56041
5.25067
4.95041
4.6605
4.38131
4.11297
3.85561
3.60893
3.37263
3.1464
2.92967
2.72273
2.52515
2.33692
2.1583
1.98855
1.82832
1.67711
1.53348
1.39598
1.26197
1.13115
1.00163
0.871966
0.736949
0.591229
0.432193
0.247276
0.0817492
16.879
16.8256
16.776
16.7082
16.6276
16.541
16.4484
16.3474
16.2371
16.1176
15.9887
15.8498
15.7003
15.5394
15.3665
15.181
14.9826
14.7711
14.5462
14.3083
14.0574
13.7939
13.518
13.2299
12.9299
12.6182
12.295
11.9608
11.6161
11.262
10.8994
10.53
10.1552
9.77681
9.3965
9.01595
8.63653
8.25959
7.88615
7.51724
7.1537
6.79641
6.44627
6.104
5.77054
5.44722
5.13476
4.83382
4.54484
4.2677
4.00227
3.74817
3.50505
3.27239
3.0497
2.83694
2.63348
2.43976
2.25564
2.08089
1.91611
1.76063
1.61441
1.47639
1.34413
1.21621
1.09213
0.969632
0.847474
0.71957
0.580369
0.426228
0.246152
0.0810653
18.1254
18.053
17.9836
17.894
17.79
17.6787
17.5601
17.4315
17.2922
17.142
16.9808
16.8078
16.6224
16.4238
16.2115
15.9852
15.7445
15.4897
15.2206
14.9377
14.6413
14.3319
14.0098
13.6754
13.329
12.9712
12.6024
12.2236
11.8355
11.4397
11.0377
10.6311
10.2219
9.81203
9.40313
8.9969
8.59467
8.19768
7.80688
7.42317
7.0473
6.68015
6.32221
5.97446
5.63783
5.31307
5.00147
4.70277
4.41715
4.14425
3.88343
3.63417
3.39581
3.16784
2.94982
2.74132
2.54269
2.35364
2.1742
2.00461
1.84402
1.69345
1.5524
1.41972
1.2938
1.17197
1.05459
0.939063
0.824304
0.703313
0.570397
0.42074
0.245261
0.0799761
19.4423
19.3459
19.2514
19.1347
19.0018
18.8601
18.7097
18.5476
18.3731
18.1859
17.9859
17.7722
17.5443
17.3013
17.043
16.7694
16.4802
16.176
15.8569
15.5236
15.1767
14.8166
14.444
14.0595
13.6637
13.2573
12.8413
12.4169
11.9854
11.5487
11.1084
10.6666
10.2254
9.78672
9.35225
8.92362
8.50208
8.08874
7.68441
7.28984
6.90575
6.53242
6.17075
5.82129
5.48477
5.16244
4.85431
4.56045
4.28048
4.0135
3.75875
3.5154
3.28285
3.0605
2.84786
2.64494
2.45121
2.26738
2.09314
1.92832
1.77355
1.62808
1.49222
1.36505
1.24421
1.12848
1.01804
0.909683
0.802468
0.688353
0.561566
0.416
0.244863
0.0785886
20.8242
20.698
20.572
20.4222
20.2539
20.0754
19.8861
19.6836
19.4666
19.2352
18.989
18.7273
18.4495
18.1551
17.844
17.5165
17.1728
16.8135
16.4391
16.0505
15.6485
15.2339
14.8075
14.3702
13.923
13.4669
13.0034
12.534
12.0604
11.5847
11.1088
10.6349
10.1651
9.70125
9.24503
8.79794
8.36113
7.93553
7.52186
7.12066
6.73217
6.35704
5.99551
5.64818
5.31589
4.99868
4.69719
4.41038
4.13757
3.87783
3.63011
3.39361
3.16763
2.95161
2.74509
2.54785
2.36023
2.18217
2.01347
1.85443
1.70418
1.56375
1.433
1.31081
1.19606
1.08623
0.982581
0.881272
0.781483
0.674069
0.553256
0.411501
0.244652
0.0768171
22.2598
22.097
21.9325
21.7422
21.5316
21.3088
21.0733
20.8227
20.5555
20.272
19.9717
19.6542
19.319
18.966
18.5954
18.2077
17.8034
17.3837
16.9492
16.5012
16.0405
15.5685
15.0862
14.5949
14.0958
13.5905
13.0808
12.5685
12.0558
11.5446
11.0372
10.5357
10.0418
9.55749
9.08422
8.62328
8.1757
7.74225
7.32334
6.91944
6.53088
6.15773
5.80038
5.45918
5.13409
4.8256
4.53265
4.25475
3.99072
3.73926
3.4994
3.27033
3.05147
2.8423
2.64236
2.4518
2.27001
2.09796
1.93506
1.78129
1.63708
1.50176
1.37583
1.25863
1.14841
1.04448
0.947793
0.853786
0.761606
0.660941
0.546042
0.407792
0.2451
0.0748613
23.7354
23.5281
23.317
23.0783
22.8173
22.5422
22.2524
21.9456
21.6202
21.2767
20.9146
20.5339
20.1341
19.7156
19.2791
18.8253
18.3555
17.8708
17.3723
16.8616
16.3399
15.8088
15.2697
14.7244
14.1744
13.6218
13.0687
12.5172
11.9694
11.4277
10.894
10.3702
9.85791
9.35874
8.87385
8.40431
7.95083
7.51391
7.09411
6.69153
6.30634
5.9391
5.58959
5.25776
4.94339
4.64541
4.36364
4.09614
3.84178
3.59942
3.36801
3.14685
2.93551
2.73354
2.54054
2.35652
2.18151
2.01582
1.85889
1.7111
1.57137
1.44092
1.31961
1.20681
1.10217
1.00381
0.913922
0.827062
0.742427
0.648406
0.539344
0.404418
0.245938
0.0726941
25.2277
24.9671
24.7005
24.4044
24.0848
23.7486
23.3961
23.0244
22.6329
22.2214
21.7903
21.3393
20.8687
20.3792
19.8717
19.3478
18.8087
18.2562
17.6915
17.1166
16.5332
15.9431
15.3483
14.7507
14.1526
13.5562
12.9639
12.378
11.8008
11.2342
10.6803
10.1404
9.61603
9.10824
8.61786
8.14548
7.69143
7.25609
6.83946
6.44201
6.06432
5.70609
5.36757
5.04798
4.74614
4.46165
4.19174
3.93585
3.69227
3.45963
3.23715
3.02426
2.82069
2.62619
2.44037
2.26355
2.09476
1.93545
1.78448
1.64201
1.50834
1.38263
1.26567
1.15708
1.05639
0.963633
0.880794
0.801366
0.724505
0.637205
0.533942
0.402048
0.247664
0.0705022
26.7124
26.3899
26.0586
25.6966
25.3096
24.9041
24.4806
24.0362
23.5706
23.0839
22.5769
22.0495
21.5027
20.9373
20.3553
19.7581
19.1477
18.5259
17.8948
17.2562
16.6124
15.9656
15.3181
14.6723
14.0305
13.3954
12.7695
12.1551
11.5543
10.9691
10.401
9.85127
9.321
8.81084
8.32107
7.85163
7.40239
6.9732
6.56439
6.17627
5.80907
5.46349
5.13876
4.83365
4.54684
4.27549
4.01936
3.77584
3.54336
3.32087
3.10765
2.90328
2.70771
2.52088
2.34239
2.17255
2.01075
1.85802
1.71301
1.57633
1.44686
1.32558
1.21268
1.10776
1.01216
0.924704
0.848783
0.776626
0.707498
0.626787
0.529196
0.400158
0.249931
0.0682312
28.1496
27.7568
27.3524
26.9166
26.4548
25.9728
25.471
24.9471
24.4012
23.8335
23.2452
22.6367
22.0095
21.3652
20.7058
20.0339
19.3514
18.661
17.9647
17.2652
16.5648
15.8662
15.1717
14.4841
13.8059
13.1398
12.4879
11.8527
11.2358
10.6388
10.0631
9.50988
8.97988
8.47319
7.98945
7.528
7.08811
6.66956
6.2724
5.89732
5.54499
5.21506
4.90685
4.61841
4.34717
4.09159
3.84855
3.61749
3.39639
3.18413
2.98024
2.78448
2.59702
2.41804
2.24712
2.08484
1.92945
1.78316
1.644
1.51237
1.38847
1.27137
1.16211
1.06064
0.968515
0.886505
0.817849
0.753267
0.692078
0.617952
0.525892
0.399374
0.253138
0.0660004
29.5111
29.041
28.5556
28.0394
27.4963
26.9321
26.3464
25.7382
25.1071
24.4545
23.7813
23.0888
22.3791
21.6542
20.917
20.1701
19.4164
18.6587
17.8999
17.1427
16.3901
15.645
14.9101
14.1882
13.4818
12.7934
12.1248
11.4775
10.8528
10.2519
9.67602
9.12611
8.60241
8.10456
7.63142
7.18151
6.7541
6.34897
5.96694
5.60856
5.27408
4.96358
4.67479
4.40505
4.15132
3.91028
3.68155
3.46282
3.25271
3.05044
2.85563
2.66825
2.48892
2.31799
2.15488
2.00008
1.85178
1.71217
1.57879
1.45239
1.33193
1.21846
1.11252
1.01399
0.92659
0.849795
0.788326
0.731125
0.67779
0.610003
0.523216
0.399026
0.256821
0.063715
30.7412
30.1884
29.6174
29.0161
28.3875
27.7367
27.0634
26.3674
25.6485
24.9088
24.1493
23.3727
22.5809
21.7773
20.9648
20.1467
19.3262
18.5067
17.6912
16.8829
16.0849
15.3006
14.5331
13.7854
13.06
12.3589
11.683
11.0332
10.4099
9.81412
9.24674
8.7082
8.1981
7.71472
7.25589
6.82015
6.40687
6.01702
5.6519
5.31265
4.99966
4.71096
4.44409
4.19487
3.95921
3.73517
3.51969
3.31319
3.11375
2.92076
2.7344
2.55494
2.38355
2.22077
2.06585
1.91922
1.77767
1.64463
1.51672
1.39465
1.27881
1.16847
1.0654
0.969482
0.885353
0.814075
0.760244
0.710684
0.665268
0.603638
0.521847
0.399638
0.261245
0.0614422
31.8275
31.1904
30.5327
29.8446
29.1293
28.3899
27.6273
26.8409
26.0323
25.2031
24.3561
23.494
22.6203
21.7385
20.8529
19.9672
19.0853
18.2105
17.346
16.4949
15.6602
14.8455
14.0542
13.2896
12.5539
11.8482
11.1729
10.5278
9.91359
9.33115
8.78117
8.2631
7.77439
7.31149
6.87112
6.45144
6.05335
5.6794
5.33246
5.01418
4.72369
4.45926
4.21614
3.98903
3.77344
3.5651
3.36461
3.17023
2.98078
2.79626
2.61726
2.4448
2.28099
2.12654
1.98021
1.84201
1.70785
1.58173
1.4591
1.34129
1.22755
1.11963
1.01905
0.925391
0.845911
0.780019
0.733799
0.691624
0.653938
0.598053
0.520859
0.400466
0.265926
0.0590976
32.6996
31.981
31.2391
30.4664
29.6659
28.8396
27.9888
27.1135
26.2163
25.2994
24.3668
23.4218
22.469
21.5131
20.5592
19.6125
18.6771
17.7566
16.8541
15.9718
15.1129
14.2808
13.479
12.7103
11.9756
11.2745
10.6065
9.97194
9.37248
8.8103
8.28583
7.79646
7.33671
6.90002
6.48158
6.08042
5.69904
5.34223
5.01434
4.71739
4.45057
4.21031
3.99135
3.78728
3.59206
3.40266
3.21649
3.03468
2.85466
2.67737
2.50447
2.33791
2.18123
2.03514
1.89796
1.7691
1.64223
1.523
1.40515
1.29042
1.17963
1.07347
0.974878
0.883243
0.80719
0.74712
0.709019
0.674406
0.644333
0.593824
0.520841
0.40198
0.271069
0.0567636
33.4098
32.616
31.7936
30.9388
30.0529
29.1384
28.1963
27.2288
26.2392
25.2319
24.2115
23.1831
22.152
21.1244
20.1068
19.1049
18.1232
17.1648
16.232
15.3273
14.4542
13.617
12.8188
12.0601
11.3389
10.6519
9.99801
9.37905
8.7996
8.26348
7.7708
7.31609
6.88986
6.48274
6.08933
5.7092
5.34727
5.00985
4.7025
4.42749
4.1829
3.96657
3.77147
3.59073
3.4176
3.24583
3.07632
2.90714
2.73599
2.56482
2.39632
2.23425
2.08433
1.94702
1.81954
1.70055
1.58138
1.46951
1.35597
1.24391
1.13327
1.02796
0.931228
0.841369
0.770255
0.71596
0.685936
0.658541
0.63577
0.590092
0.520848
0.403459
0.276265
0.0544161
33.8698
33.0138
32.123
31.194
30.2279
29.2272
28.1943
27.1337
26.051
24.9529
23.846
22.7371
21.6339
20.5443
19.4763
18.4352
17.4236
16.4419
15.4917
14.5757
13.7002
12.871
12.0904
11.3552
10.6586
9.99466
9.3622
8.76598
8.2136
7.71025
7.25398
6.83581
6.44305
6.06522
5.69746
5.34157
5.00327
4.68893
4.40377
4.14982
3.92625
3.73111
3.55815
3.40047
3.24957
3.09874
2.94513
2.78904
2.62535
2.45849
2.29272
2.13403
1.99057
1.86231
1.74535
1.63733
1.52563
1.42091
1.31059
1.19973
1.08983
0.984683
0.889471
0.80133
0.734274
0.686239
0.664695
0.644506
0.628673
0.587289
0.52139
0.405342
0.281677
0.0521754
34.2457
33.3378
32.3832
31.3801
30.3291
29.2346
28.1019
26.9395
25.7556
24.56
23.3605
22.1673
20.9911
19.8445
18.7359
17.6695
16.6426
15.6521
14.6973
13.7833
12.9184
12.1093
11.3555
10.6496
9.98106
9.34337
8.73796
8.17288
7.65676
7.19209
6.77316
6.38768
6.02228
5.66869
5.32581
4.99607
4.68504
4.39615
4.1329
3.89829
3.69117
3.5148
3.36195
3.22656
3.09863
2.96623
2.8295
2.68506
2.52696
2.36238
2.19697
2.04016
1.90319
1.78472
1.67872
1.58197
1.47718
1.3795
1.27107
1.16038
1.0481
0.942346
0.848725
0.762379
0.700773
0.658831
0.645485
0.631914
0.622478
0.584724
0.521688
0.407082
0.287046
0.050115
34.4417
33.5034
32.501
31.4311
30.2973
29.1087
27.8778
26.6174
25.3403
24.0567
22.7764
21.5113
20.2776
19.09
17.9583
16.8806
15.8508
14.8626
13.9168
13.0202
12.1812
11.4027
10.6788
9.99869
9.35253
8.73851
8.16343
7.63683
7.16404
6.7408
6.3552
5.99386
5.64639
5.3113
4.99151
4.68967
4.40823
4.14431
3.90019
3.6795
3.48482
3.32324
3.18765
3.07395
2.96818
2.85522
2.73263
2.59816
2.44208
2.27705
2.11042
1.95475
1.82429
1.71589
1.62128
1.53621
1.43692
1.34515
1.23643
1.12401
1.00972
0.902861
0.810683
0.726295
0.669355
0.633728
0.628562
0.621261
0.617532
0.582767
0.522279
0.409177
0.292551
0.0484212
34.7531
33.784
32.7216
31.5637
30.3207
29.0127
27.6609
26.2846
24.9005
23.5213
22.1589
20.829
19.5506
18.3388
17.1952
16.113
15.0818
14.0996
13.1721
12.3075
11.5085
10.7674
10.0715
9.40936
8.77781
8.18467
7.64343
7.16214
6.73732
6.35394
5.9944
5.64766
5.31053
4.99051
4.69512
4.42275
4.17116
3.92943
3.69907
3.48809
3.301
3.15329
3.03456
2.94253
2.85941
2.7624
2.65243
2.52487
2.36808
2.20056
2.03095
1.87604
1.75333
1.65623
1.57318
1.49963
1.40434
1.31767
1.2067
1.09139
0.972482
0.864144
0.77414
0.692031
0.640859
0.611183
0.613599
0.611816
0.613129
0.58075
0.52245
0.411139
0.29803
0.0471206
34.9831
34.0068
32.8912
31.6395
30.2826
28.857
27.3889
25.8999
24.4115
22.9412
21.506
20.1285
18.8297
17.6151
16.4746
15.3906
14.3582
13.3842
12.4834
11.6624
10.9109
10.2073
9.53227
8.8792
8.25688
7.68539
7.18296
6.75101
6.37368
6.02411
5.68083
5.3402
5.00873
4.70503
4.43684
4.19547
3.97267
3.74749
3.52472
3.31718
3.13558
3.00093
2.89874
2.82989
2.76916
2.68767
2.58668
2.46316
2.30128
2.12932
1.95654
1.80323
1.68925
1.60448
1.53352
1.47158
1.3782
1.29503
1.17938
1.05975
0.936998
0.827388
0.739977
0.660701
0.614645
0.590948
0.60063
0.603866
0.609445
0.57889
0.522647
0.413364
0.303559
0.046279
35.4368
34.4346
33.2162
31.8137
30.3042
28.7414
27.1425
25.5279
23.9263
22.3605
20.8553
19.4419
18.1388
16.9363
15.8039
14.7205
13.6877
12.7293
11.8655
11.0956
10.3908
9.7155
9.05133
8.40131
7.78881
7.24407
6.78547
6.40305
6.06688
5.74027
5.40279
5.0628
4.73756
4.45426
4.2178
4.00667
3.80799
3.59168
3.3691
3.16185
2.98408
2.86533
2.78141
2.73678
2.69831
2.62811
2.53244
2.40893
2.23965
2.06218
1.88613
1.73545
1.63267
1.56186
1.50272
1.45149
1.35765
1.27676
1.1544
1.02976
0.901527
0.791179
0.707571
0.631735
0.591422
0.573171
0.589325
0.596819
0.606069
0.576882
0.522505
0.415627
0.30919
0.0459653
35.858
34.8597
33.5173
31.9368
30.2792
28.5945
26.872
25.1387
23.4357
21.7887
20.2298
18.797
17.5015
16.3129
15.1875
14.1021
13.0765
12.145
11.3289
10.6115
9.94285
9.28103
8.61747
7.96949
7.3734
6.86346
6.45186
6.11359
5.80698
5.49107
5.15045
4.80986
4.49481
4.23939
4.03765
3.85356
3.67284
3.45623
3.22776
3.01713
2.84512
2.74459
2.68006
2.66134
2.64365
2.58215
2.48733
2.36033
2.17993
1.99664
1.8192
1.67351
1.58326
1.52737
1.47989
1.43844
1.34112
1.2608
1.12933
0.99901
0.866879
0.756703
0.677726
0.605948
0.570593
0.55756
0.579663
0.590916
0.603152
0.57491
0.522487
0.418281
0.31492
0.0461717
36.5163
35.4872
33.9215
32.0987
30.2854
28.47
26.6042
24.7447
22.9486
21.2377
19.6461
18.21
16.9256
15.7449
14.6178
13.5333
12.5254
11.6363
10.8765
10.2063
9.55629
8.89105
8.22242
7.58116
7.01201
6.54444
6.17867
5.8742
5.58272
5.26525
4.91656
4.57904
4.28225
4.06072
3.89501
3.73104
3.55877
3.33345
3.09409
2.88098
2.71729
2.64033
2.59728
2.60385
2.60454
2.54648
2.44734
2.31335
2.12106
1.93267
1.75587
1.61721
1.54234
1.50241
1.46506
1.43155
1.32755
1.24656
1.10443
0.968516
0.832153
0.72325
0.650411
0.583073
0.552615
0.544052
0.571216
0.585592
0.600419
0.572859
0.522338
0.421157
0.320822
0.0469022
37.1805
36.131
34.2693
32.2067
30.2853
28.3483
26.3295
24.3489
22.4772
20.7257
19.1241
17.6952
16.4168
15.2301
14.0943
13.0138
12.0393
11.2043
10.5027
9.86741
9.2165
8.53554
7.86251
7.23757
6.70621
6.28431
5.95785
5.67296
5.38201
5.05531
4.69823
4.37121
4.10059
3.91858
3.78595
3.63248
3.46001
3.21837
2.9664
2.75223
2.60225
2.55211
2.53069
2.56188
2.57704
2.51746
2.41006
2.26637
2.06098
1.8695
1.69708
1.56839
1.50973
1.48576
1.45703
1.42915
1.31481
1.23208
1.07782
0.936851
0.798394
0.692049
0.626223
0.563582
0.536895
0.532317
0.563889
0.580977
0.597916
0.57079
0.52231
0.424372
0.326688
0.0480003
38.0548
36.8927
34.5927
32.2979
30.3047
28.2312
26.0449
23.9513
22.0234
20.2549
18.6631
17.2467
15.966
14.7626
13.6163
12.5504
11.6207
10.8453
10.1957
9.57879
8.9103
8.20899
7.5396
6.94178
6.45563
6.07655
5.77759
5.49743
5.19571
4.85653
4.49618
4.18956
3.9527
3.81028
3.70438
3.54959
3.36768
3.10586
2.84219
2.63201
2.50087
2.48229
2.48199
2.53398
2.55855
2.49289
2.37133
2.21633
2.00005
1.80819
1.6438
1.52704
1.48672
1.47805
1.45488
1.42968
1.302
1.21695
1.05019
0.905204
0.765667
0.663125
0.605637
0.547434
0.523652
0.522164
0.557298
0.576696
0.595599
0.568737
0.522349
0.427838
0.332635
0.0494427
39.017
37.6428
34.8162
32.3608
30.3363
28.116
25.7669
23.5786
21.611
19.8391
18.2631
16.8539
15.5618
14.3377
13.1884
12.1477
11.2707
10.5496
9.93861
9.32332
8.6283
7.9117
7.25803
6.69647
6.25647
5.91058
5.62465
5.33566
5.01699
4.66923
4.31388
4.03736
3.83763
3.73209
3.6424
3.47453
3.27771
2.99426
2.72299
2.52242
2.41636
2.43012
2.44791
2.51673
2.54502
2.46739
2.32991
2.16308
1.93811
1.74983
1.59793
1.49515
1.47254
1.47754
1.45693
1.43109
1.28676
1.19984
1.02052
0.873064
0.734932
0.637338
0.588657
0.534526
0.512351
0.513255
0.551372
0.572897
0.593479
0.566657
0.522544
0.431496
0.338319
0.0509964
40.1896
38.369
34.9552
32.414
30.3579
27.9724
25.4817
23.2305
21.246
19.48
17.9163
16.5036
15.1948
13.9547
12.8157
11.8102
10.9831
10.3029
9.71462
9.08871
8.36791
7.64813
7.02264
6.50061
6.10041
5.77338
5.48581
5.18015
4.84487
4.49646
4.15629
3.91735
3.75379
3.67627
3.59102
3.39946
3.18483
2.88316
2.61049
2.42639
2.34961
2.39657
2.42779
2.50653
2.53255
2.44085
2.2829
2.10517
1.87707
1.6962
1.56048
1.4727
1.4678
1.48369
1.46156
1.43105
1.26928
1.18039
0.989933
0.84178
0.706812
0.614956
0.57576
0.524609
0.502906
0.505354
0.545818
0.569348
0.591649
0.564772
0.522922
0.435251
0.343866
0.0526362
41.5399
38.9936
35.0135
32.486
30.3922
27.8298
25.2158
22.9224
20.9319
19.1706
17.6084
16.1832
14.8599
13.6173
12.5036
11.5356
10.7466
10.0886
9.50871
8.86864
8.13177
7.42392
6.83508
6.34866
5.9758
5.652
5.35189
5.02677
4.681
4.34346
4.02758
3.82873
3.69565
3.63501
3.54189
3.32016
3.08845
2.77473
2.50822
2.34682
2.30215
2.37852
2.41784
2.49953
2.51764
2.40922
2.23073
2.04424
1.81837
1.64984
1.53395
1.46045
1.47073
1.49421
1.46701
1.42861
1.24696
1.15888
0.958262
0.811623
0.681958
0.596228
0.56609
0.517229
0.494709
0.498179
0.540537
0.566051
0.590014
0.562938
0.523343
0.438757
0.348794
0.0541027
43.0208
39.5193
34.9939
32.5131
30.3765
27.6694
24.976
22.6646
20.6727
18.9059
17.3305
15.8856
14.557
13.3282
12.2517
11.3152
10.5453
9.89214
9.3139
8.66534
7.92722
7.24373
6.69095
6.23025
5.86856
5.5351
5.21727
4.87746
4.53141
4.21602
3.92943
3.76886
3.65507
3.59832
3.48765
3.23285
2.99056
2.67313
2.42018
2.28593
2.273
2.37442
2.41332
2.49085
2.49694
2.37068
2.17255
1.98163
1.76498
1.61234
1.51791
1.45878
1.48075
1.50737
1.47093
1.42184
1.22312
1.13436
0.927063
0.783852
0.661456
0.581659
0.560392
0.511774
0.487482
0.491451
0.53539
0.563001
0.58871
0.561317
0.52391
0.442053
0.353314
0.0554304
44.3192
39.9886
35.0381
32.5826
30.3427
27.4955
24.752
22.4398
20.4485
18.6699
17.0747
15.6157
14.2939
13.0934
12.0534
11.1342
10.3632
9.70381
9.12969
8.48529
7.76068
7.10641
6.58162
6.13179
5.7669
5.41665
5.08272
4.73677
4.40184
4.11639
3.8614
3.72921
3.62462
3.55851
3.42433
3.14143
2.89179
2.58289
2.34989
2.24522
2.26043
2.37719
2.41261
2.47657
2.46706
2.32494
2.11038
1.9201
1.71861
1.58602
1.5136
1.46642
1.4952
1.52042
1.47192
1.41064
1.19585
1.10692
0.89727
0.759529
0.645426
0.570847
0.556504
0.5088
0.481053
0.484967
0.530289
0.560104
0.587445
0.559576
0.524187
0.444691
0.356964
0.0564467
45.2074
40.1737
34.9396
32.6194
30.3089
27.3459
24.5618
22.2428
20.2403
18.4407
16.8277
15.3683
14.0704
12.9068
11.8957
10.9761
10.1877
9.52183
8.96494
8.33868
7.63431
7.00277
6.4901
6.03805
5.66161
5.29578
4.95306
4.61189
4.29766
4.0452
3.81771
3.70284
3.59425
3.50927
3.35039
3.0471
2.79919
2.50774
2.29966
2.22368
2.26075
2.38402
2.40906
2.454
2.42736
2.27036
2.04607
1.86249
1.68163
1.57138
1.51948
1.48216
1.51193
1.53085
1.46839
1.39417
1.16771
1.0772
0.869946
0.73892
0.633863
0.56361
0.554689
0.50679
0.475004
0.478629
0.525222
0.557555
0.586492
0.558134
0.524575
0.446859
0.360047
0.0572749
46.2709
40.7054
34.798
32.5191
30.1938
27.1843
24.3893
22.0657
20.0479
18.2289
16.6074
15.1598
13.8883
12.7541
11.7535
10.8212
10.0153
9.35707
8.83301
8.22965
7.53917
6.91545
6.39911
5.93733
5.54944
5.17662
4.83593
4.50939
4.22113
3.99815
3.79145
3.67865
3.5576
3.44802
3.26824
2.95739
2.71633
2.4512
2.27074
2.21933
2.26911
2.38731
2.40003
2.42076
2.3763
2.20874
1.98317
1.81277
1.65641
1.56971
1.53417
1.50321
1.52778
1.53572
1.45875
1.37198
1.13971
1.0465
0.846598
0.72349
0.626831
0.560107
0.553309
0.506668
0.469761
0.472535
0.520105
0.554913
0.58535
0.556388
0.524199
0.4478
0.362002
0.0578114
)
;

boundaryField
{
    inlet
    {
        type            freestreamPressure;
        freestreamValue uniform 0;
        value           nonuniform List<scalar> 
230
(
-1.7436
-1.74283
-1.73792
-1.73254
-1.72773
-1.72296
-1.71764
-1.71188
-1.70586
-1.69927
-1.69276
-1.68607
-1.67938
-1.67262
-1.66527
-1.65693
-1.64789
-1.63875
-1.62896
-1.61839
-1.60747
-1.5962
-1.58479
-1.5729
-1.56055
-1.54749
-1.53379
-1.51933
-1.50419
-1.4883
-1.47178
-1.45464
-1.43697
-1.41881
-1.40022
-1.38119
-1.36171
-1.34173
-1.32115
-1.29987
-1.27785
-1.25486
-1.23091
-1.20595
-1.18001
-1.15309
-1.12497
-1.09611
-1.06645
-1.03603
-1.00489
-0.973188
-0.940935
-0.908265
-0.875229
-0.841989
-0.808616
-0.775265
-0.74201
-0.708997
-0.676305
-0.644058
-0.612326
-0.581189
-0.550696
-0.52087
-0.491737
-0.463275
-0.435318
-0.4076
-0.378449
-0.345919
-0.285238
-0.176467
0.155111
-0.666026
-1.3172
-1.81346
-2.17842
-2.43862
-2.61739
-2.73355
-2.80209
-2.83476
-2.84072
-2.82707
-2.79928
-2.76149
-2.71678
-2.66736
-2.61485
-2.56038
-2.50487
-2.44912
-2.39383
-2.3397
-2.28617
-2.23341
-2.18203
-2.13271
-2.08583
-2.04167
-2.00087
-1.96398
-1.93109
-1.90148
-1.87495
-1.85081
-1.82962
-1.81056
-1.79368
-1.77889
-1.7663
-1.75572
-1.74689
1.10162
1.98687
2.73467
3.33065
3.78956
4.13618
4.39442
4.58471
4.72333
4.82291
4.89291
4.94049
4.97097
4.98836
4.99554
4.99463
4.98718
4.97429
4.95697
4.93594
4.91215
4.8861
4.85753
4.8261
4.7926
4.75741
4.72134
4.68461
4.648
4.61173
4.57651
4.54244
4.51006
4.47924
4.45081
4.42425
4.39992
4.37772
4.35785
4.34005
4.32457
4.3172
4.31414
4.30255
4.28956
4.27811
4.267
4.25515
4.24256
4.2295
4.21603
4.20204
4.1875
4.17256
4.15676
4.14128
4.12501
4.10857
4.09101
4.07358
4.05504
4.03545
4.01551
3.99494
3.97391
3.95206
3.92964
3.90642
3.8826
3.85793
3.83254
3.80627
3.77921
3.75121
3.72234
3.69243
3.66153
3.62949
3.59633
3.56196
3.5263
3.48938
3.45105
3.41127
3.37011
3.32722
3.28271
3.23618
3.18799
3.13767
3.08525
3.03065
2.97379
2.91459
2.85301
2.78909
2.72279
2.65417
2.5832
2.5099
2.43424
2.35619
2.27569
2.19258
2.10666
2.01757
1.92476
1.82745
1.72425
1.61276
1.48937
1.344
1.16392
0.873781
0.433823
)
;
    }
    outlet
    {
        type            freestreamPressure;
        freestreamValue uniform 0;
        value           nonuniform List<scalar> 
96
(
0.000246898
0.00024542
0.000239416
0.00022947
0.00021808
0.000205235
0.000191239
0.000175945
0.000160414
0.000145146
0.000130713
0.000117077
0.000104504
9.29987e-05
8.34016e-05
7.66052e-05
7.55769e-05
8.36705e-05
0.000106535
0.00015292
0.000242795
0.000409589
0.000663935
0.000913936
0.000968299
0.000704684
0.000224306
-0.000193382
-0.000321816
-0.000206407
-6.1183e-05
-1.45019e-06
5.94849e-06
1.11747e-05
2.35023e-05
2.89285e-05
3.11662e-05
2.3225e-05
2.54969e-05
5.20177e-06
1.97907e-05
-3.45806e-05
3.36794e-05
-0.000130167
0.000148503
-0.000434048
0.000708896
-0.00166218
0.00338622
0.000504236
0.000571933
0.000704087
0.000523144
0.000467718
0.000449044
0.000418361
0.00039547
0.000381983
0.000372488
0.000365863
0.000361277
0.000358458
0.000356231
0.000354447
0.000351887
0.000348533
0.000343476
0.000337174
0.000329259
0.000320583
0.000311027
0.000301382
0.000291412
0.000281621
0.000271604
0.000261645
0.000251383
0.000241171
0.000230907
0.000221102
0.000212073
0.000204612
0.000198837
0.000195025
0.000193472
0.000194149
0.000197078
0.000201604
0.000207633
0.000214184
0.00022116
0.000227466
0.000233253
0.00023779
0.000241596
0.000244242
)
;
    }
    walls
    {
        type            zeroGradient;
    }
    frontAndBack
    {
        type            empty;
    }
}


// ************************************************************************* //
