/*--------------------------------*- C++ -*----------------------------------*\
| =========                 |                                                 |
| \\      /  F ield         | OpenFOAM: The Open Source CFD Toolbox           |
|  \\    /   O peration     | Version:  2312                                  |
|   \\  /    A nd           | Website:  www.openfoam.com                      |
|    \\/     M anipulation  |                                                 |
\*---------------------------------------------------------------------------*/
FoamFile
{
    version     2.0;
    format      ascii;
    arch        "LSB;label=32;scalar=64";
    class       volScalarField;
    location    "50";
    object      p;
}
// * * * * * * * * * * * * * * * * * * * * * * * * * * * * * * * * * * * * * //

dimensions      [0 2 -2 0 0 0 0];

internalField   nonuniform List<scalar> 
11040
(
-207.344
-569.37
-662.768
-619.136
-573.158
-552.255
-540.409
-521.742
-492.001
-456.08
-422.905
-396.992
-376.69
-358.844
-341.677
-324.377
-306.469
-287.464
-267.532
-247.004
-226.284
-205.936
-186.732
-168.341
-150.017
-131.257
-113.132
-97.2709
-84.4909
-73.3515
-62.5659
-51.5895
-40.871
-31.0717
-23.8057
-20.3373
-21.4555
-23.0719
-19.1684
-10.714
-4.70452
-75.8865
-322.957
-460.657
-505.753
-518.137
-526.332
-529.119
-519.077
-494.408
-460.603
-427.135
-399.786
-378.221
-359.688
-342.218
-324.808
-306.893
-287.914
-267.959
-247.361
-226.591
-206.295
-187.177
-168.869
-150.63
-131.936
-113.791
-97.7999
-84.8496
-73.6322
-62.8671
-51.9364
-41.2474
-31.4217
-24.0028
-20.3377
-21.4049
-23.2671
-19.7741
-11.2385
-7.05181
-3.70095
-203.136
-372.594
-460.958
-490.129
-498.888
-501.88
-496.203
-477.918
-449.862
-419.935
-394.239
-373.583
-355.86
-339.177
-322.518
-305.293
-286.869
-267.229
-246.762
-226.08
-206.011
-187.194
-169.182
-151.148
-132.494
-114.181
-97.924
-84.8228
-73.7203
-63.1904
-52.3971
-41.6816
-31.7117
-24.0066
-20.068
-21.0444
-23.3015
-20.4383
-11.9598
-7.64057
31.7843
-110.786
-258.54
-363.76
-418.441
-444.488
-458.289
-461.968
-453.303
-433.871
-409.725
-386.838
-367.34
-350.305
-334.284
-318.386
-301.992
-284.355
-265.255
-245.068
-224.58
-204.906
-186.672
-169.271
-151.69
-133.138
-114.548
-97.8958
-84.6469
-73.8458
-63.7558
-53.1427
-42.2585
-31.9989
-23.971
-19.8371
-20.7397
-23.2581
-21.0151
-12.6977
-7.18963
49.0088
-52.9745
-171.13
-276.919
-350.097
-393.4
-418.205
-430.114
-429.489
-417.451
-398.56
-378.401
-360.057
-343.652
-328.204
-312.956
-297.342
-280.583
-262.222
-242.493
-222.232
-202.914
-185.32
-168.724
-151.891
-133.742
-114.998
-97.8498
-84.32
-73.8866
-64.4809
-54.2504
-43.1772
-32.4863
-24.1013
-19.8562
-20.6648
-23.1905
-21.3446
-13.192
-6.28501
54.5024
-19.5343
-108.124
-199.327
-275.971
-330.315
-365.634
-386.685
-395.161
-392.05
-380.539
-365.31
-349.787
-335.029
-320.702
-306.371
-291.682
-275.979
-258.632
-239.596
-219.601
-200.416
-183.182
-167.316
-151.505
-134.314
-115.921
-98.3586
-84.1547
-73.664
-64.9399
-55.4782
-44.5612
-33.4704
-24.5906
-20.1344
-20.7071
-22.9048
-21.1623
-13.1315
-5.18683
54.1763
-1.02826
-66.2679
-138.557
-208.311
-266.281
-309.556
-339.318
-356.838
-362.87
-359.402
-349.975
-337.975
-325.241
-312.192
-298.79
-284.95
-270.26
-254.065
-236.023
-216.568
-197.529
-180.43
-165.069
-150.32
-134.542
-117.206
-99.7085
-84.6526
-73.4389
-65.002
-56.6638
-46.6332
-35.5193
-25.9639
-20.7906
-20.6414
-22.1506
-20.259
-12.3635
-4.05503
50.5785
8.23628
-40.1635
-95.1081
-152.832
-206.898
-252.494
-287.697
-312.212
-326.163
-330.533
-327.676
-320.432
-310.912
-300.083
-288.281
-275.692
-262.24
-247.474
-230.908
-212.597
-194.127
-177.241
-162.202
-148.321
-134.022
-118.213
-101.405
-85.7434
-73.3528
-64.5388
-57.3309
-49.1298
-39.0662
-29.0835
-22.443
-20.5113
-20.6148
-18.3799
-10.8508
-3.00872
45.3971
12.1395
-24.4762
-65.7849
-111.003
-156.885
-199.568
-236.115
-264.831
-284.896
-296.31
-300.24
-298.586
-293.213
-285.371
-275.739
-264.776
-252.74
-239.511
-224.663
-207.949
-190.529
-174.054
-159.153
-145.702
-132.549
-118.374
-102.872
-87.3315
-73.9206
-64.0828
-57.1924
-50.8611
-42.9424
-33.7002
-25.6919
-21.0409
-18.6811
-15.6523
-8.84033
-2.36112
39.5527
12.9085
-15.4378
-46.7319
-81.356
-118.078
-154.694
-188.747
-218.175
-241.468
-257.838
-267.472
-271.286
-270.547
-266.42
-259.746
-251.139
-241.05
-229.642
-216.701
-201.899
-185.983
-170.303
-155.633
-142.364
-129.949
-117.263
-103.522
-89.1103
-75.5881
-64.765
-57.2167
-51.595
-45.5745
-37.9766
-29.7951
-22.9463
-17.8292
-13.4714
-7.37209
-2.49695
33.645
11.9452
-10.4528
-34.5517
-61.0045
-89.5562
-119.224
-148.511
-175.751
-199.391
-218.246
-231.821
-240.241
-244.053
-244.015
-240.863
-235.19
-227.497
-218.112
-207.077
-194.212
-180.049
-165.602
-151.578
-138.633
-126.775
-115.303
-103.379
-90.7282
-78.1057
-66.9425
-58.4004
-52.2534
-46.9173
-40.705
-33.2827
-25.6469
-18.7248
-13.0287
-7.18999
-3.07722
28.0089
10.1144
-7.90147
-26.7976
-47.2061
-69.2335
-92.559
-116.452
-139.875
-161.628
-180.567
-195.91
-207.29
-214.663
-218.31
-218.642
-216.096
-211.093
-203.99
-195.013
-184.205
-172.054
-159.36
-146.645
-134.559
-123.416
-112.946
-102.512
-91.6299
-80.3967
-69.6323
-60.3938
-53.1999
-47.4268
-41.7863
-35.2859
-27.9939
-20.5229
-13.9464
-7.94132
-3.6716
22.8505
7.95328
-6.74144
-21.8068
-37.7739
-54.8459
-72.9859
-91.9098
-111.077
-129.733
-147.01
-162.171
-174.667
-184.132
-190.453
-193.704
-194.082
-191.834
-187.255
-180.615
-172.098
-162.218
-151.65
-140.751
-130.016
-119.801
-110.146
-100.722
-91.1289
-81.199
-71.2294
-61.91
-53.9135
-47.3394
-41.5944
-35.7903
-29.4269
-22.5457
-15.8898
-9.82278
-5.11292
18.2697
5.78541
-6.32578
-18.5026
-31.1698
-44.5311
-58.6468
-73.4452
-88.6844
-103.953
-118.692
-132.354
-144.437
-154.488
-162.192
-167.396
-170.076
-170.307
-168.243
-164.078
-158.015
-150.509
-142.152
-133.222
-124.03
-114.898
-105.981
-97.239
-88.4987
-79.5989
-70.5959
-61.8236
-53.7999
-46.8729
-40.9827
-35.6562
-30.3334
-24.6874
-18.8826
-13.3493
-8.63158
14.3026
3.79729
-6.25838
-16.205
-26.3751
-36.9451
-47.997
-59.5449
-71.4958
-83.6486
-95.6788
-107.236
-117.954
-127.447
-135.372
-141.477
-145.61
-147.702
-147.758
-145.85
-142.085
-136.789
-130.46
-123.328
-115.674
-107.715
-99.6972
-91.7231
-83.7919
-75.9075
-68.0431
-60.3765
-53.1489
-46.6975
-41.103
-36.274
-31.7913
-27.3307
-22.6858
-18.0674
-13.7696
10.969
2.1088
-6.28305
-14.474
-22.7196
-31.1651
-39.8878
-48.9299
-58.2633
-67.7996
-77.3604
-86.7458
-95.7207
-104.012
-111.335
-117.442
-122.127
-125.244
-126.7
-126.455
-124.517
-121.057
-116.452
-110.983
-104.845
-98.2936
-91.5208
-84.7411
-78.0364
-71.452
-65.0335
-58.8147
-52.9224
-47.475
-42.5979
-38.2573
-34.308
-30.4612
-26.5406
-22.4844
-18.4572
8.27277
0.796257
-6.22405
-13.0035
-19.7357
-26.5388
-33.479
-40.6033
-47.9091
-55.3619
-62.8642
-70.3076
-77.5491
-84.4118
-90.689
-96.1815
-100.697
-104.077
-106.196
-106.961
-106.329
-104.347
-101.316
-97.4403
-92.9733
-88.0711
-82.9548
-77.7501
-72.5864
-67.5182
-62.588
-57.7877
-53.1539
-48.6955
-44.4775
-40.4998
-36.7453
-33.074
-29.4038
-25.6589
-21.9206
6.21248
-0.154032
-6.09177
-11.7788
-17.3629
-22.9395
-28.5654
-34.2824
-40.0966
-45.9952
-51.9226
-57.818
-63.5953
-69.1431
-74.3216
-78.9892
-83.0002
-86.2206
-88.534
-89.8455
-90.0911
-89.2598
-87.5299
-85.1124
-82.1414
-78.7935
-75.1677
-71.3909
-67.5383
-63.6437
-59.7586
-55.8716
-52.0125
-48.1689
-44.3941
-40.7044
-37.1476
-33.6802
-30.3044
-26.9773
-23.7481
4.6738
-0.824165
-5.92626
-10.7804
-15.5013
-20.1677
-24.8294
-29.522
-34.2551
-39.0249
-43.7993
-48.5424
-53.2023
-57.7072
-61.9657
-65.8791
-69.3413
-72.2502
-74.5078
-76.0318
-76.7575
-76.6445
-75.8069
-74.3389
-72.3962
-70.0415
-67.3836
-64.4837
-61.4186
-58.2388
-54.9716
-51.6552
-48.3054
-44.9586
-41.6372
-38.3954
-35.2563
-32.243
-29.3507
-26.5886
-23.9616
3.5209
-1.28004
-5.71993
-9.92042
-13.9728
-17.943
-21.8761
-25.8016
-29.7303
-33.662
-37.5776
-41.4539
-45.2582
-48.9419
-52.4425
-55.6903
-58.6099
-61.1229
-63.1552
-64.6361
-65.5085
-65.7167
-65.3061
-64.3821
-62.9838
-61.2199
-59.1356
-56.8308
-54.3233
-51.7055
-49.0037
-46.2636
-43.5042
-40.7683
-38.0729
-35.465
-32.9598
-30.581
-28.3294
-26.2168
-24.2431
2.64734
-1.58395
-5.48468
-9.16014
-12.6786
-16.1011
-19.4644
-22.7963
-26.1048
-29.3932
-32.6477
-35.854
-38.989
-42.0191
-44.9004
-47.5827
-50.0124
-52.1298
-53.8811
-55.2051
-56.0606
-56.3811
-56.2151
-55.6001
-54.6124
-53.2927
-51.7172
-49.9375
-48.0229
-45.9914
-43.9067
-41.7933
-39.6842
-37.5946
-35.5561
-33.5846
-31.7052
-29.9153
-28.2296
-26.6379
-25.148
1.97879
-1.77528
-5.23157
-8.47336
-11.5587
-14.5377
-17.4473
-20.3075
-23.1293
-25.9135
-28.6536
-31.3376
-33.951
-36.4687
-38.8596
-41.0881
-43.1144
-44.8975
-46.3934
-47.5621
-48.3637
-48.7524
-48.7431
-48.3911
-47.7283
-46.813
-45.6899
-44.4066
-43.0034
-41.5088
-39.9641
-38.3875
-36.8068
-35.2327
-33.6897
-32.1854
-30.7361
-29.3343
-27.9894
-26.6908
-25.4452
1.46519
-1.88614
-4.96814
-7.8488
-10.5744
-13.1904
-15.7298
-18.2101
-20.6411
-23.0245
-25.3562
-27.6277
-29.8287
-31.9413
-33.9424
-35.8069
-37.5055
-39.0095
-40.286
-41.3062
-42.0404
-42.4458
-42.5446
-42.3654
-41.9521
-41.3295
-40.5397
-39.6058
-38.571
-37.4447
-36.2689
-35.0574
-33.8309
-32.5946
-31.3658
-30.1488
-28.9558
-27.7812
-26.6348
-25.5093
-24.4175
1.07069
-1.93707
-4.70156
-7.27659
-9.70051
-12.0141
-14.2475
-16.4162
-18.5286
-20.5877
-22.59
-24.5308
-26.4012
-28.1895
-29.8768
-31.4473
-32.8766
-34.1473
-35.2318
-36.113
-36.765
-37.1611
-37.3092
-37.2438
-36.9817
-36.5526
-35.9748
-35.278
-34.4826
-33.6188
-32.6938
-31.7328
-30.7465
-29.7459
-28.7369
-27.7318
-26.7351
-25.753
-24.7895
-23.8482
-22.9376
0.766747
-1.94491
-4.43655
-6.75096
-8.91835
-10.9773
-12.9544
-14.864
-16.7134
-18.5058
-20.2395
-21.9104
-23.5132
-25.0374
-26.4716
-27.8007
-29.011
-30.0851
-31.0086
-31.7635
-32.3379
-32.7036
-32.874
-32.8669
-32.704
-32.4002
-31.9792
-31.4604
-30.8607
-30.1992
-29.4813
-28.7254
-27.9405
-27.139
-26.3266
-25.5169
-24.7143
-23.9267
-23.158
-22.412
-21.697
0.53588
-1.92051
-4.17676
-6.26674
-8.21463
-10.0568
-11.8172
-13.5089
-15.1383
-16.7092
-18.2205
-19.6695
-21.0523
-22.361
-23.5871
-24.7194
-25.7483
-26.6608
-27.4476
-28.0954
-28.5969
-28.9289
-29.1015
-29.1338
-29.0373
-28.832
-28.5318
-28.1514
-27.7039
-27.1985
-26.6487
-26.0578
-25.4423
-24.8116
-24.1751
-23.5362
-22.9037
-22.2782
-21.67
-21.0763
-20.5105
0.360365
-1.87258
-3.92453
-5.81967
-7.57878
-9.23467
-10.8105
-12.3167
-13.7611
-15.1453
-16.4713
-17.7351
-18.9362
-20.0663
-21.1217
-22.0914
-22.9714
-23.7498
-24.423
-24.9789
-25.4156
-25.7125
-25.8833
-25.9385
-25.8933
-25.7583
-25.5465
-25.2667
-24.9302
-24.544
-24.1221
-23.6648
-23.186
-22.6938
-22.1954
-21.691
-21.1862
-20.6813
-20.1859
-19.6979
-19.2304
0.230934
-1.80761
-3.68075
-5.40656
-7.00165
-8.49729
-9.91396
-11.2622
-12.5479
-13.7749
-14.9434
-16.0529
-17.1007
-18.0837
-18.9957
-19.8326
-20.5876
-21.2565
-21.8329
-22.313
-22.6915
-22.9573
-23.118
-23.1863
-23.17
-23.0807
-22.927
-22.7197
-22.4677
-22.1781
-21.8614
-21.5158
-21.151
-20.7704
-20.3803
-19.9782
-19.5706
-19.1566
-18.7467
-18.3381
-17.9447
0.136395
-1.73023
-3.44664
-5.02377
-6.47633
-7.83251
-9.11202
-10.3237
-11.4739
-12.566
-13.6011
-14.5789
-15.4983
-16.3566
-17.1497
-17.8744
-18.526
-19.102
-19.5977
-20.0113
-20.3391
-20.5736
-20.721
-20.7912
-20.7924
-20.7319
-20.6214
-20.4676
-20.2799
-20.0651
-19.8266
-19.571
-19.2927
-18.9989
-18.6918
-18.375
-18.0465
-17.7112
-17.3716
-17.0324
-16.7009
0.0711575
-1.64468
-3.22209
-4.66894
-5.99596
-7.23118
-8.3907
-9.48488
-10.5175
-11.4942
-12.4142
-13.2804
-14.0896
-14.8429
-15.5347
-16.1657
-16.7297
-17.228
-17.6546
-18.0116
-18.2941
-18.4987
-18.6296
-18.6987
-18.7096
-18.6727
-18.593
-18.4803
-18.3381
-18.1754
-17.9928
-17.799
-17.5855
-17.3586
-17.1196
-16.8721
-16.6127
-16.3443
-16.068
-15.7881
-15.5111
0.0277715
-1.55346
-3.00819
-4.33903
-5.55615
-6.68434
-7.73987
-8.7306
-9.66218
-10.538
-11.3602
-12.129
-12.8453
-13.5073
-14.1145
-14.6641
-15.1556
-15.5865
-15.9568
-16.2642
-16.5098
-16.6865
-16.8036
-16.8665
-16.8829
-16.8573
-16.7984
-16.7097
-16.5989
-16.4718
-16.3315
-16.1834
-16.0211
-15.8485
-15.6655
-15.4746
-15.2713
-15.0581
-14.8344
-14.6041
-14.3721
0.00278053
-1.45965
-2.80459
-4.03284
-5.152
-6.18624
-7.14946
-8.0501
-8.89267
-9.68146
-10.4181
-11.1037
-11.7391
-12.3237
-12.8572
-13.3383
-13.7671
-14.1419
-14.4635
-14.73
-14.9435
-15.098
-15.2005
-15.2578
-15.2733
-15.2551
-15.2075
-15.1378
-15.0489
-14.9471
-14.8367
-14.7191
-14.5972
-14.4629
-14.3211
-14.171
-14.0139
-13.8452
-13.6685
-13.4803
-13.2896
-0.00902676
-1.36469
-2.61207
-3.74801
-4.78068
-5.7306
-6.61293
-7.43307
-8.19822
-8.9098
-9.57271
-10.1853
-10.7517
-11.2686
-11.7398
-12.1612
-12.5371
-12.8632
-13.1441
-13.3753
-13.5617
-13.6955
-13.7858
-13.8366
-13.8525
-13.8391
-13.8014
-13.7441
-13.6716
-13.5878
-13.4972
-13.4
-13.3008
-13.1918
-13.0778
-12.9576
-12.8335
-12.701
-12.5614
-12.4106
-12.2558
-0.00994561
-1.27079
-2.42989
-3.48386
-4.4383
-5.31395
-6.12325
-6.87306
-7.56831
-8.21315
-8.80967
-9.35998
-9.86453
-10.3248
-10.7401
-11.1122
-11.4404
-11.7269
-11.9707
-12.1741
-12.3363
-12.4549
-12.5357
-12.582
-12.5986
-12.5884
-12.5571
-12.5077
-12.4452
-12.3721
-12.2934
-12.2104
-12.1273
-12.0364
-11.9432
-11.8466
-11.7481
-11.643
-11.5324
-11.412
-11.2875
-0.00375765
-1.17876
-2.25901
-3.23837
-4.12309
-4.93181
-5.67611
-6.36274
-6.99624
-7.58113
-8.1195
-8.61396
-9.06505
-9.47479
-9.84262
-10.1709
-10.4589
-10.7097
-10.9224
-11.1005
-11.2431
-11.3495
-11.422
-11.467
-11.4826
-11.477
-11.4495
-11.4078
-11.352
-11.2885
-11.2199
-11.1482
-11.0768
-11.0009
-10.9236
-10.8435
-10.7627
-10.6768
-10.5868
-10.4879
-10.3853
0.00819034
-1.09054
-2.0988
-3.01142
-3.8328
-4.5807
-5.26677
-5.89627
-6.47485
-7.00593
-7.49274
-7.93731
-8.34117
-8.70601
-9.03218
-9.32188
-9.57497
-9.79457
-9.98066
-10.1363
-10.2618
-10.3551
-10.4229
-10.4634
-10.4836
-10.4796
-10.4601
-10.4224
-10.3745
-10.3183
-10.2566
-10.1934
-10.1279
-10.0655
-10.0002
-9.93524
-9.86819
-9.80024
-9.72847
-9.65267
-9.57153
0.0234074
-1.00634
-1.95058
-2.80197
-3.56559
-4.25866
-4.89059
-5.46904
-5.99706
-6.48066
-6.92055
-7.32139
-7.68233
-8.00791
-8.29633
-8.55237
-8.77392
-8.96643
-9.12772
-9.26348
-9.37175
-9.45561
-9.51488
-9.55734
-9.57619
-9.58069
-9.56492
-9.53782
-9.49832
-9.45191
-9.39678
-9.33957
-9.27758
-9.22064
-9.15927
-9.10151
-9.04396
-8.98802
-8.93097
-8.87301
-8.81172
0.0416634
-0.927624
-1.81357
-2.61026
-3.32141
-3.96304
-4.54595
-5.07606
-5.55857
-5.99749
-6.39612
-6.75629
-7.08046
-7.36953
-7.62587
-7.85
-8.04495
-8.21092
-8.35165
-8.4672
-8.5615
-8.63226
-8.68769
-8.72363
-8.74823
-8.75352
-8.74924
-8.73167
-8.7063
-8.6683
-8.62474
-8.573
-8.52048
-8.46602
-8.4115
-8.35886
-8.30659
-8.2574
-8.20975
-8.1638
-8.11717
0.0613999
-0.853917
-1.68886
-2.43566
-3.09905
-3.69411
-4.23098
-4.71604
-5.15508
-5.55233
-5.91168
-6.23504
-6.52496
-6.78211
-7.009
-7.2059
-7.37585
-7.51944
-7.64023
-7.73873
-7.81871
-7.87959
-7.92421
-7.9588
-7.97682
-7.98794
-7.98826
-7.98266
-7.96558
-7.9451
-7.91153
-7.87497
-7.82982
-7.78701
-7.73597
-7.6864
-7.63627
-7.58889
-7.54304
-7.50021
-7.45837
0.0828517
-0.786358
-1.57544
-2.27835
-2.89849
-3.45057
-3.94449
-4.38751
-4.78489
-5.14227
-5.46333
-5.75124
-6.00835
-6.23603
-6.43599
-6.60874
-6.75668
-6.88026
-6.98281
-7.06514
-7.13096
-7.17937
-7.21792
-7.2432
-7.26282
-7.27319
-7.27962
-7.27733
-7.27271
-7.25603
-7.23662
-7.20963
-7.17913
-7.14303
-7.10468
-7.06452
-7.02189
-6.98017
-6.93896
-6.89969
-6.86109
0.1049
-0.724518
-1.47494
-2.13851
-2.71983
-3.232
-3.68606
-4.08824
-4.44635
-4.76457
-5.04893
-5.30133
-5.52627
-5.72399
-5.89808
-6.04776
-6.1761
-6.28226
-6.36948
-6.43754
-6.48993
-6.52667
-6.55042
-6.56696
-6.5746
-6.57882
-6.5763
-6.57246
-6.55944
-6.54712
-6.52743
-6.5067
-6.47858
-6.45142
-6.4176
-6.38243
-6.3441
-6.30519
-6.26512
-6.22586
-6.18691
0.128058
-0.66909
-1.38644
-2.01775
-2.56528
-3.04209
-3.45785
-3.82116
-4.13916
-4.41866
-4.66499
-4.88254
-5.07413
-5.24255
-5.38907
-5.51583
-5.62361
-5.71435
-5.78855
-5.84813
-5.89414
-5.92599
-5.94986
-5.96537
-5.97639
-5.98099
-5.98374
-5.97914
-5.97443
-5.96289
-5.95099
-5.9331
-5.91325
-5.88781
-5.86276
-5.83392
-5.80356
-5.77083
-5.73796
-5.70498
-5.6731
0.15134
-0.618062
-1.30797
-1.91133
-2.43168
-2.87939
-3.26402
-3.59284
-3.87345
-4.11337
-4.31923
-4.4973
-4.65195
-4.78708
-4.90426
-5.00533
-5.08997
-5.15926
-5.21257
-5.25126
-5.27468
-5.28536
-5.28612
-5.28066
-5.26818
-5.25341
-5.23282
-5.21298
-5.18847
-5.16545
-5.13725
-5.10912
-5.07828
-5.04813
-5.01635
-4.98628
-4.95732
-4.92894
-4.90195
-4.87615
-4.85154
0.173842
-0.572198
-1.23453
-1.80997
-2.30218
-2.72315
-3.08175
-3.38543
-3.63997
-3.8514
-4.02504
-4.16676
-4.28193
-4.37664
-4.45565
-4.52396
-4.58426
-4.63917
-4.68894
-4.73388
-4.77337
-4.80643
-4.83362
-4.85409
-4.86846
-4.87522
-4.87782
-4.8738
-4.86753
-4.85568
-4.84399
-4.82999
-4.81618
-4.80051
-4.78596
-4.77217
-4.75757
-4.74263
-4.72829
-4.71465
-4.70054
0.192696
-0.535532
-1.17407
-1.719
-2.17623
-2.55874
-2.87943
-3.14814
-3.37338
-3.56188
-3.71822
-3.8458
-3.94624
-4.02139
-4.0721
-4.1008
-4.10928
-4.10126
-4.07911
-4.04687
-4.00595
-3.95977
-3.91116
-3.86264
-3.81328
-3.76596
-3.71836
-3.67491
-3.63173
-3.59417
-3.55678
-3.52457
-3.49531
-3.47264
-3.4519
-3.43465
-3.42178
-3.41207
-3.40339
-3.39608
-3.38892
0.207353
-0.516344
-1.14813
-1.68226
-2.1195
-2.47063
-2.74696
-2.96088
-3.12412
-3.2487
-3.34517
-3.42323
-3.49017
-3.5522
-3.61243
-3.67337
-3.73439
-3.79517
-3.85354
-3.90807
-3.95733
-4.00004
-4.03467
-4.06087
-4.07859
-4.08713
-4.09043
-4.08642
-4.08062
-4.07037
-4.0602
-4.04972
-4.03916
-4.02963
-4.01957
-4.01367
-4.00617
-3.99888
-3.99156
-3.98523
-3.97727
0.216629
-0.514622
-1.15771
-1.7096
-2.17013
-2.54421
-2.83824
-3.05823
-3.21081
-3.30324
-3.34236
-3.33597
-3.29048
-3.21401
-3.11239
-2.99385
-2.8632
-2.72801
-2.59096
-2.45824
-2.32969
-2.20984
-2.09973
-2.0019
-1.91188
-1.83405
-1.7618
-1.70301
-1.65105
-1.61224
-1.58034
-1.56222
-1.55455
-1.55872
-1.56458
-1.57932
-1.59743
-1.61231
-1.62198
-1.62545
-1.62233
0.216633
-0.509685
-1.12484
-1.63967
-2.06807
-2.42583
-2.72624
-2.97949
-3.19348
-3.37439
-3.52719
-3.65562
-3.7629
-3.8511
-3.92239
-3.97759
-4.01832
-4.04461
-4.05831
-4.05947
-4.0505
-4.03178
-4.00448
-3.9671
-3.92576
-3.88062
-3.83721
-3.79684
-3.76281
-3.73743
-3.72474
-3.72021
-3.72539
-3.73431
-3.75915
-3.78336
-3.80879
-3.83468
-3.8594
-3.88024
-3.89416
19.0232
18.5103
8.14119
-1.08502
-3.25892
0.539756
7.33893
12.1931
15.5411
14.4306
13.935
9.97294
8.12069
4.37682
2.52159
0.062794
-0.788803
-1.75956
-3.00523
-2.70877
-1.91395
-0.302091
0.0905162
0.953796
1.09758
0.828665
0.0362216
-1.40718
-2.45918
-2.07057
-2.01017
0.443739
1.6358
4.95217
6.91477
8.12959
8.64217
7.29398
6.62846
4.0111
1.92468
-0.0366252
-0.851958
-1.70743
-1.99074
-1.75385
-0.990695
-0.572567
0.185572
0.390901
0.937503
1.05268
1.34464
1.42996
1.46398
1.47265
1.39158
1.39072
1.31149
1.27219
1.21319
1.20544
1.18986
1.14989
1.15073
1.11602
1.04225
0.961065
0.88005
0.766517
0.649877
0.47368
0.43163
-0.0528273
14.3927
16.1388
8.22398
1.22587
-0.515696
2.47189
7.95171
11.9763
14.8955
14.057
13.5035
10.0275
8.14467
4.73452
2.83571
0.471487
-0.404604
-1.46888
-2.87753
-2.76465
-2.15308
-0.779099
-0.515575
0.201637
0.333006
0.141371
-0.482424
-1.7436
-2.60389
-2.12137
-1.87056
0.474107
1.79041
4.94674
6.89284
8.10701
8.56192
7.26783
6.46829
3.90768
1.80776
-0.126451
-0.981617
-1.796
-2.0675
-1.82372
-1.05991
-0.627814
0.129135
0.360894
0.905763
1.03139
1.32331
1.41398
1.45084
1.46041
1.38166
1.37716
1.29842
1.25763
1.19986
1.1929
1.1787
1.14271
1.14533
1.11393
1.04328
0.965226
0.88693
0.776274
0.662589
0.488215
0.445011
-0.0387163
12.8729
13.6529
6.89117
1.97295
1.27869
4.03436
8.46012
11.8543
14.4257
13.9779
13.42
10.4096
8.46926
5.31462
3.33111
1.04623
0.0606102
-1.23674
-2.87185
-3.0277
-2.60479
-1.47034
-1.21408
-0.596642
-0.424238
-0.518422
-0.969778
-2.03652
-2.65732
-2.11875
-1.6921
0.550096
1.96501
4.93937
6.83894
8.06627
8.44724
7.21266
6.28107
3.78034
1.6784
-0.238176
-1.11723
-1.89617
-2.14214
-1.88506
-1.13508
-0.676548
0.064339
0.340194
0.869547
1.0155
1.30009
1.39542
1.43491
1.44461
1.37134
1.35906
1.28055
1.24075
1.18536
1.17785
1.16634
1.13387
1.13757
1.1098
1.04248
0.967351
0.891643
0.783753
0.673084
0.500601
0.456034
-0.0263028
11.7192
11.3829
4.82856
1.56373
1.96376
4.83322
8.54983
11.4777
13.7543
13.7868
13.4059
10.985
9.10736
6.22116
4.14229
1.89986
0.679595
-1.00418
-2.95214
-3.40567
-3.15385
-2.19441
-1.88098
-1.27926
-1.03612
-1.03914
-1.34231
-2.15045
-2.57795
-2.03155
-1.46461
0.66418
2.14597
4.92482
6.74226
7.97578
8.28005
7.10918
6.05742
3.62606
1.54093
-0.356684
-1.25043
-1.99707
-2.20857
-1.94297
-1.21017
-0.721846
0.00425088
0.319027
0.83609
0.996151
1.27291
1.37109
1.41325
1.42181
1.35464
1.33267
1.26095
1.22248
1.16948
1.16045
1.15237
1.12305
1.12739
1.10341
1.03961
0.967322
0.893991
0.7888
0.681183
0.510802
0.464633
-0.0157013
10.7822
9.83768
3.34063
1.25844
2.50332
5.58324
8.92611
11.4472
13.3138
13.6287
13.4212
11.5619
9.79495
7.13692
4.92964
2.66847
1.18382
-0.942214
-3.11149
-3.76906
-3.632
-2.77598
-2.36139
-1.72033
-1.40078
-1.33162
-1.52271
-2.14683
-2.43418
-1.90365
-1.23081
0.787949
2.32535
4.89715
6.61999
7.82888
8.06764
6.96108
5.80709
3.45387
1.39164
-0.481072
-1.38858
-2.10174
-2.27671
-1.98971
-1.27813
-0.762074
-0.0516389
0.299136
0.803917
0.976209
1.24358
1.3429
1.38689
1.39438
1.33155
1.30634
1.24212
1.20284
1.15135
1.14157
1.13693
1.11111
1.11602
1.09569
1.03557
0.966096
0.895006
0.792341
0.687635
0.519476
0.471453
-0.00626569
10.2579
9.14167
2.98507
1.63385
3.43272
6.61799
9.85523
12.1602
13.596
13.8804
13.6555
12.1576
10.4444
7.91627
5.54904
3.21253
1.39653
-1.12812
-3.38446
-4.10482
-4.00024
-3.19633
-2.64553
-1.95213
-1.57186
-1.47626
-1.62347
-2.10666
-2.30087
-1.7997
-1.04563
0.870125
2.45304
4.83445
6.45674
7.60815
7.79149
6.74423
5.52136
3.25811
1.23967
-0.595604
-1.51549
-2.19731
-2.339
-2.03935
-1.34563
-0.801172
-0.102647
0.281362
0.773903
0.955955
1.21285
1.31294
1.35875
1.36548
1.3085
1.28184
1.221
1.17928
1.12994
1.1202
1.1188
1.09672
1.10211
1.08543
1.02933
0.96285
0.89401
0.793846
0.692056
0.526401
0.476315
0.00203248
10.1586
9.29308
3.93989
3.00252
5.06075
8.15649
11.2894
13.5345
14.6663
14.7557
14.2783
12.8391
11.0211
8.50477
5.96319
3.51733
1.34736
-1.38668
-3.54293
-4.29551
-4.20945
-3.43199
-2.7555
-2.01552
-1.6057
-1.52825
-1.69548
-2.13596
-2.29151
-1.8313
-1.00274
0.834288
2.48312
4.70578
6.25733
7.33773
7.47314
6.48597
5.21142
3.04906
1.07843
-0.705666
-1.63691
-2.28905
-2.40235
-2.08127
-1.40698
-0.836809
-0.148432
0.264778
0.744178
0.934175
1.17869
1.27812
1.32469
1.33168
1.28095
1.25196
1.19294
1.15097
1.1054
1.09663
1.09818
1.08007
1.08586
1.07259
1.02081
0.957497
0.890948
0.793327
0.694326
0.531332
0.47897
0.00918424
10.1665
9.90483
5.89403
5.28841
7.36883
10.2304
13.0828
15.1972
16.0845
15.9216
15.1047
13.5253
11.5059
8.92559
6.23793
3.68751
1.24286
-1.45022
-3.54975
-4.36671
-4.30762
-3.55264
-2.76494
-1.98483
-1.56096
-1.5297
-1.77536
-2.22175
-2.40777
-2.01909
-1.14599
0.629749
2.35481
4.47529
5.98893
7.0095
7.11295
6.18077
4.88322
2.82599
0.920519
-0.798799
-1.73505
-2.35953
-2.45266
-2.1295
-1.47179
-0.874777
-0.19279
0.24683
0.713674
0.910303
1.14135
1.23819
1.28368
1.28918
1.24456
1.21285
1.15787
1.11863
1.07827
1.07045
1.07445
1.06022
1.06625
1.05632
1.00921
0.949328
0.885184
0.790235
0.69396
0.533874
0.479071
0.01503
9.46892
10.043
7.9316
8.0303
10.0484
12.6207
15.1092
16.9525
17.5987
17.1398
15.9615
14.1525
11.9063
9.22841
6.41787
3.75068
1.19849
-1.4246
-3.41833
-4.34372
-4.36099
-3.64133
-2.76674
-1.93287
-1.47598
-1.46885
-1.79189
-2.31841
-2.59519
-2.32039
-1.4544
0.255035
2.06182
4.13505
5.6682
6.66377
6.75527
5.87975
4.55966
2.60396
0.756584
-0.887653
-1.82127
-2.41481
-2.49334
-2.16227
-1.52664
-0.912779
-0.239922
0.222426
0.67879
0.88436
1.10269
1.19681
1.23959
1.24306
1.20196
1.16886
1.11935
1.08413
1.04885
1.04189
1.04796
1.0377
1.04396
1.03702
0.994796
0.938541
0.87689
0.784816
0.691061
0.534006
0.476469
0.0197283
7.41991
8.73431
8.68749
10.0983
12.3457
14.7396
16.9334
18.5095
18.9726
18.2914
16.8127
14.762
12.3054
9.51035
6.58344
3.79856
1.10025
-1.34554
-3.21422
-4.28845
-4.46068
-3.82192
-2.88511
-1.97159
-1.4273
-1.37558
-1.72657
-2.29736
-2.69205
-2.57602
-1.80303
-0.211817
1.62404
3.6767
5.26316
6.28359
6.40851
5.60055
4.27912
2.40383
0.606462
-0.972374
-1.89883
-2.45525
-2.51434
-2.18718
-1.57207
-0.950225
-0.292215
0.185307
0.631756
0.848759
1.0585
1.1522
1.19359
1.19516
1.15747
1.12319
1.07858
1.04683
1.01586
1.00948
1.01737
1.01122
1.01793
1.01395
0.976854
0.924528
0.865619
0.776656
0.685334
0.531517
0.470988
0.0233493
4.6163
6.16012
7.5574
10.3979
13.234
15.6843
17.7815
19.214
19.6073
18.9173
17.3663
15.209
12.623
9.73376
6.69744
3.75654
0.940628
-1.36322
-3.00079
-4.21848
-4.6245
-4.14067
-3.19747
-2.19157
-1.49785
-1.29853
-1.55837
-2.12491
-2.60452
-2.65678
-2.04819
-0.647249
1.13491
3.14221
4.78407
5.85945
6.05759
5.34984
4.05327
2.25778
0.491481
-1.04259
-1.97808
-2.50813
-2.54978
-2.20568
-1.60489
-0.978467
-0.337541
0.145463
0.575031
0.798354
0.997939
1.0928
1.13536
1.13883
1.10618
1.07348
1.03341
1.00469
0.977804
0.972447
0.982382
0.980675
0.988248
0.987073
0.955313
0.907199
0.851261
0.765771
0.676743
0.526367
0.462359
0.0261594
1.9472
3.34302
5.12476
8.64396
12.1579
14.9905
17.2228
18.6672
19.0598
18.4315
16.9856
14.9171
12.3769
9.50064
6.43619
3.41596
0.466234
-1.65694
-3.02619
-4.26891
-4.88581
-4.61245
-3.73603
-2.66276
-1.78568
-1.34762
-1.39852
-1.81181
-2.28527
-2.46602
-2.06502
-0.929049
0.682021
2.56943
4.21501
5.34343
5.64403
5.0647
3.84221
2.13566
0.410084
-1.08931
-2.03924
-2.55405
-2.58357
-2.23917
-1.64836
-1.01352
-0.381985
0.106473
0.518612
0.742745
0.926751
1.01701
1.05841
1.06476
1.04008
1.01198
0.978717
0.954964
0.933447
0.929862
0.941961
0.944711
0.953605
0.955399
0.929213
0.885743
0.833246
0.751627
0.664938
0.518311
0.450379
0.0282871
-0.945295
0.468349
1.92425
4.86652
8.34731
11.543
14.2583
16.2479
17.2154
17.0742
15.9907
14.1558
11.7617
8.94047
5.88867
2.76091
-0.216584
-2.32573
-3.5423
-4.68434
-5.38523
-5.29564
-4.53532
-3.43989
-2.38625
-1.65597
-1.37172
-1.51188
-1.83767
-2.04458
-1.82666
-0.993795
0.341512
2.00228
3.56091
4.69999
5.10638
4.68785
3.59264
2.00979
0.340955
-1.12831
-2.10268
-2.61975
-2.64649
-2.28597
-1.69538
-1.04507
-0.414324
0.0784728
0.470604
0.688032
0.849561
0.928266
0.963018
0.969568
0.952128
0.932419
0.909229
0.894114
0.88109
0.88158
0.896639
0.903979
0.914436
0.91891
0.898328
0.859826
0.811205
0.734066
0.649759
0.507293
0.434538
0.030204
-4.98385
-3.07995
-1.53443
0.714139
3.57301
6.48591
9.08592
11.1956
12.6067
13.217
12.9657
11.953
10.23
7.9601
5.27588
2.3888
-0.446062
-2.61457
-3.98395
-5.10633
-5.84806
-5.93889
-5.36776
-4.35298
-3.20908
-2.22619
-1.59739
-1.36224
-1.41466
-1.52113
-1.40533
-0.854561
0.140748
1.47495
2.8293
3.89606
4.37291
4.12124
3.20992
1.80546
0.25109
-1.15783
-2.14239
-2.67301
-2.71456
-2.36866
-1.77683
-1.1032
-0.454814
0.056626
0.441486
0.65219
0.785069
0.839444
0.855588
0.854417
0.840458
0.829
0.818796
0.816715
0.816528
0.824662
0.844799
0.857612
0.870301
0.877469
0.862284
0.828924
0.78465
0.712525
0.630849
0.493075
0.414647
0.0321898
-10.0642
-7.38293
-5.14868
-2.84121
-0.291364
2.25564
4.52235
6.33169
7.67081
8.46966
8.73798
8.39938
7.47849
5.98036
4.01706
1.73215
-0.596084
-2.64675
-4.17432
-5.3366
-6.12436
-6.37707
-6.02591
-5.18292
-4.07631
-2.96435
-2.05202
-1.47299
-1.20593
-1.12273
-1.01245
-0.669618
-0.00206016
0.966627
2.03585
2.9498
3.43721
3.33141
2.62733
1.44662
0.0609998
-1.24412
-2.20617
-2.73828
-2.79668
-2.45496
-1.86279
-1.16984
-0.501182
0.0328569
0.420076
0.630585
0.739939
0.766891
0.754302
0.731362
0.708348
0.699462
0.70132
0.715442
0.73327
0.754596
0.783787
0.804445
0.821073
0.831354
0.821489
0.793279
0.75349
0.686881
0.607946
0.475602
0.389782
0.0352534
-14.5894
-11.3778
-8.63837
-6.20266
-3.89896
-1.714
0.226701
1.85147
3.12637
4.06197
4.61682
4.74746
4.39942
3.55955
2.27162
0.650745
-1.12891
-2.85614
-4.31715
-5.47589
-6.28203
-6.62756
-6.45533
-5.80313
-4.81724
-3.69553
-2.65219
-1.82499
-1.28636
-0.994285
-0.817737
-0.586139
-0.17124
0.469243
1.23889
1.95597
2.39871
2.39376
1.88549
0.938549
-0.245352
-1.41581
-2.32903
-2.85647
-2.9338
-2.61512
-2.01839
-1.29314
-0.579617
0.00378027
0.41938
0.643149
0.734609
0.729228
0.677606
0.619696
0.572673
0.552593
0.557125
0.584472
0.6224
0.663085
0.707685
0.741117
0.765296
0.7804
0.776219
0.753164
0.718039
0.657149
0.581053
0.454821
0.359486
0.04026
-18.3234
-15.1783
-12.4011
-9.97407
-7.8051
-5.84114
-4.11284
-2.63337
-1.41877
-0.441516
0.277066
0.709328
0.802045
0.521908
-0.129349
-1.08749
-2.26557
-3.5016
-4.67115
-5.66059
-6.36758
-6.71594
-6.64167
-6.15308
-5.32899
-4.31778
-3.26335
-2.33055
-1.6149
-1.14683
-0.865061
-0.651033
-0.379859
0.0246991
0.542872
1.06597
1.43002
1.47838
1.12685
0.392482
-0.590446
-1.61752
-2.47134
-2.99985
-3.11976
-2.8408
-2.26701
-1.52748
-0.767896
-0.116281
0.363959
0.642439
0.757013
0.746694
0.665599
0.564341
0.473893
0.419865
0.406396
0.432025
0.482474
0.542377
0.606834
0.659395
0.697732
0.72226
0.726076
0.7092
0.678948
0.623908
0.550393
0.431006
0.322472
0.049143
-20.707
-17.9587
-15.4314
-13.1839
-11.1932
-9.43496
-7.92076
-6.63165
-5.56676
-4.66792
-3.94064
-3.36778
-2.99572
-2.85426
-2.96217
-3.31956
-3.87394
-4.56353
-5.29436
-5.95664
-6.46029
-6.71723
-6.6722
-6.30748
-5.66369
-4.80182
-3.85063
-2.92405
-2.13876
-1.55036
-1.15538
-0.88709
-0.651647
-0.37008
-0.022422
0.340778
0.611538
0.66592
0.417031
-0.149129
-0.950416
-1.83183
-2.60861
-3.12617
-3.28417
-3.07242
-2.54801
-1.82717
-1.04744
-0.340939
0.209269
0.559907
0.726339
0.743575
0.665245
0.547631
0.428886
0.341218
0.296392
0.299599
0.342426
0.408088
0.486712
0.558307
0.614473
0.653203
0.668789
0.660838
0.636855
0.588234
0.517012
0.405094
0.27799
0.0640548
-21.5676
-19.3905
-17.3678
-15.5608
-13.9555
-12.5361
-11.2847
-10.1988
-9.24293
-8.39692
-7.62713
-6.93719
-6.34459
-5.88067
-5.58104
-5.46242
-5.52147
-5.7321
-6.03803
-6.36549
-6.63371
-6.76789
-6.71067
-6.43423
-5.92285
-5.22424
-4.39783
-3.54779
-2.76252
-2.11596
-1.63272
-1.29014
-1.03185
-0.796324
-0.549439
-0.305337
-0.125009
-0.0941404
-0.286134
-0.726993
-1.3713
-2.10728
-2.78578
-3.26418
-3.44061
-3.27376
-2.80512
-2.12071
-1.34521
-0.607977
-0.00356098
0.412728
0.637166
0.69572
0.63736
0.51948
0.38773
0.28095
0.217441
0.203889
0.234006
0.292477
0.37076
0.450908
0.520954
0.574364
0.603909
0.607415
0.591641
0.550554
0.481791
0.378162
0.224599
0.0883802
-22.4929
-20.9076
-19.402
-18.0195
-16.7395
-15.5432
-14.4137
-13.3601
-12.3639
-11.4292
-10.5343
-9.69466
-8.9171
-8.23816
-7.67757
-7.26548
-6.99999
-6.88256
-6.87686
-6.93512
-6.99742
-7.0044
-6.90451
-6.6495
-6.22681
-5.63828
-4.93339
-4.17151
-3.43098
-2.77501
-2.24355
-1.84316
-1.54881
-1.32087
-1.12714
-0.962892
-0.854672
-0.853339
-1.01144
-1.35492
-1.86043
-2.4512
-3.0125
-3.42267
-3.58254
-3.44792
-3.02602
-2.38448
-1.62983
-0.881731
-0.239328
0.232443
0.513467
0.618506
0.589259
0.481284
0.343923
0.222165
0.141023
0.113263
0.135863
0.192647
0.271117
0.353592
0.428992
0.491114
0.532467
0.548131
0.542342
0.510273
0.444702
0.350829
0.15891
0.128068
-23.8188
-22.5819
-21.341
-20.1342
-18.9542
-17.7863
-16.6368
-15.5138
-14.4356
-13.4027
-12.426
-11.5046
-10.6569
-9.89563
-9.23846
-8.69997
-8.28321
-7.98617
-7.78912
-7.66012
-7.55958
-7.44291
-7.26476
-6.9902
-6.59231
-6.07436
-5.45409
-4.77727
-4.09539
-3.46254
-2.92142
-2.49046
-2.16769
-1.92994
-1.75811
-1.63673
-1.57177
-1.58794
-1.71671
-1.97751
-2.35865
-2.80911
-3.24456
-3.56747
-3.69277
-3.56395
-3.18209
-2.58858
-1.8706
-1.13414
-0.475855
0.0341303
0.363352
0.514753
0.520527
0.430774
0.296295
0.164968
0.0686221
0.0248001
0.0357444
0.0886695
0.17007
0.260215
0.344015
0.412938
0.461278
0.485475
0.48855
0.466066
0.40465
0.322788
0.076358
0.191938
-24.3074
-23.2191
-22.0921
-20.9666
-19.8482
-18.7332
-17.6302
-16.5511
-15.515
-14.5276
-13.5978
-12.725
-11.9178
-11.1834
-10.527
-9.9597
-9.47657
-9.08185
-8.75953
-8.49088
-8.25034
-8.00886
-7.73637
-7.40498
-6.99724
-6.5053
-5.94215
-5.33197
-4.71182
-4.12314
-3.59862
-3.16524
-2.82423
-2.57747
-2.40607
-2.29789
-2.24719
-2.2622
-2.35808
-2.5451
-2.81614
-3.13755
-3.44971
-3.67835
-3.75076
-3.62118
-3.27053
-2.72838
-2.06056
-1.35662
-0.705093
-0.176959
0.18741
0.380337
0.42375
0.360042
0.237458
0.104948
-0.0017874
-0.059625
-0.0616406
-0.016471
0.0629908
0.158353
0.253012
0.33434
0.393438
0.425714
0.434917
0.419697
0.361776
0.294127
-0.0242618
0.28759
-23.4157
-22.4759
-21.5109
-20.557
-19.6194
-18.6945
-17.7821
-16.8875
-16.0216
-15.188
-14.3929
-13.634
-12.9181
-12.2463
-11.6231
-11.0534
-10.5363
-10.0738
-9.6572
-9.27708
-8.91983
-8.56847
-8.20615
-7.81517
-7.38218
-6.90219
-6.37892
-5.82779
-5.27231
-4.73678
-4.25191
-3.8307
-3.49477
-3.23955
-3.06078
-2.94505
-2.88679
-2.88432
-2.94115
-3.0597
-3.23336
-3.4394
-3.63643
-3.77054
-3.78753
-3.63991
-3.31369
-2.82041
-2.20902
-1.55177
-0.926015
-0.39893
-0.0144978
0.211615
0.291723
0.259395
0.158147
0.0342124
-0.0744281
-0.141491
-0.155334
-0.119422
-0.044922
0.0513978
0.152861
0.245517
0.318596
0.36429
0.382888
0.374729
0.318636
0.26563
-0.131915
0.407461
-22.1209
-21.3838
-20.6394
-19.9082
-19.1935
-18.4873
-17.7824
-17.0793
-16.3814
-15.6939
-15.0174
-14.355
-13.7075
-13.0809
-12.4765
-11.9019
-11.3549
-10.842
-10.358
-9.89955
-9.46
-9.03201
-8.60672
-8.1745
-7.72778
-7.26154
-6.7777
-6.28358
-5.78975
-5.31649
-4.87433
-4.48802
-4.16336
-3.90801
-3.71547
-3.58336
-3.50331
-3.47138
-3.48375
-3.53713
-3.62428
-3.72901
-3.82324
-3.8691
-3.82387
-3.65595
-3.34301
-2.89212
-2.33707
-1.73325
-1.1453
-0.633371
-0.241607
0.00907315
0.122737
0.124286
0.050963
-0.0547737
-0.15575
-0.224019
-0.244715
-0.216962
-0.148814
-0.0544148
0.0502687
0.150652
0.235006
0.294527
0.326183
0.329618
0.277818
0.240008
-0.217866
0.518768
-21.0708
-20.5238
-19.9685
-19.4149
-18.8673
-18.3168
-17.7564
-17.1823
-16.5981
-16.0065
-15.41
-14.8109
-14.2108
-13.6154
-13.0267
-12.4528
-11.893
-11.3547
-10.8356
-10.3364
-9.85426
-9.38791
-8.93308
-8.48604
-8.04216
-7.5986
-7.15541
-6.71308
-6.28052
-5.86136
-5.47128
-5.11804
-4.81259
-4.55553
-4.35253
-4.19814
-4.09025
-4.02121
-3.98551
-3.97586
-3.98623
-4.00347
-4.0079
-3.9736
-3.87313
-3.67663
-3.3712
-2.95547
-2.45242
-1.90337
-1.35989
-0.873492
-0.48543
-0.21906
-0.0767198
-0.0414581
-0.0829073
-0.164077
-0.24943
-0.311304
-0.332692
-0.309425
-0.246622
-0.155601
-0.0504623
0.054651
0.14737
0.218235
0.261979
0.278849
0.23638
0.215905
-0.244622
0.56958
-20.0168
-19.5998
-19.1687
-18.733
-18.2942
-17.8508
-17.3928
-16.9183
-16.4267
-15.9218
-15.4036
-14.8738
-14.3347
-13.7892
-13.2412
-12.6967
-12.1569
-11.6276
-11.1095
-10.6061
-10.1167
-9.64391
-9.18658
-8.74538
-8.31798
-7.90363
-7.50024
-7.10795
-6.72718
-6.36103
-6.01512
-5.69612
-5.40658
-5.15571
-4.94211
-4.76907
-4.63042
-4.52312
-4.43722
-4.37035
-4.31339
-4.25595
-4.18475
-4.08283
-3.92908
-3.70797
-3.40331
-3.01549
-2.55862
-2.06224
-1.56571
-1.11125
-0.735212
-0.461209
-0.295904
-0.229186
-0.237639
-0.289963
-0.354308
-0.403736
-0.420334
-0.397344
-0.337323
-0.249085
-0.144837
-0.0375888
0.060737
0.140377
0.194371
0.223114
0.193202
0.187243
-0.190734
0.514617
-18.8211
-18.4869
-18.1411
-17.7894
-17.4354
-17.0798
-16.713
-16.3314
-15.9325
-15.5182
-15.087
-14.6398
-14.1779
-13.7041
-13.2197
-12.7299
-12.2353
-11.7412
-11.2492
-10.7646
-10.2894
-9.82895
-9.38457
-8.96028
-8.5553
-8.17117
-7.80439
-7.45469
-7.11845
-6.79611
-6.4893
-6.19819
-5.92988
-5.68494
-5.46864
-5.27772
-5.11405
-4.96764
-4.83996
-4.72257
-4.60815
-4.4887
-4.3544
-4.19446
-3.99805
-3.75021
-3.44461
-3.07805
-2.65992
-2.21063
-1.75933
-1.33916
-0.980644
-0.705673
-0.523415
-0.429012
-0.405382
-0.427396
-0.467145
-0.499938
-0.507823
-0.482063
-0.422705
-0.336114
-0.232684
-0.124335
-0.0223823
0.063715
0.126266
0.165082
0.150992
0.151971
-0.0740886
0.353244
-17.5989
-17.3279
-17.0496
-16.7662
-16.4825
-16.2007
-15.9109
-15.6097
-15.2925
-14.9617
-14.6137
-14.2486
-13.8677
-13.4686
-13.0544
-12.6269
-12.1878
-11.7401
-11.2877
-10.8367
-10.3894
-9.95341
-9.53182
-9.13103
-8.75129
-8.39556
-8.06032
-7.74521
-7.44497
-7.15831
-6.88291
-6.61922
-6.3692
-6.13549
-5.91654
-5.71735
-5.52924
-5.35721
-5.19448
-5.03573
-4.87447
-4.7041
-4.51935
-4.31384
-4.07916
-3.81026
-3.49993
-3.14817
-2.7608
-2.35144
-1.94098
-1.55428
-1.21578
-0.944549
-0.750609
-0.632921
-0.579801
-0.571593
-0.585174
-0.598452
-0.594297
-0.562982
-0.502424
-0.416582
-0.31385
-0.204759
-0.100068
-0.00901394
0.0605933
0.107526
0.111559
0.115046
0.050195
0.145656
-16.4109
-16.1902
-15.9672
-15.7356
-15.5063
-15.2787
-15.0491
-14.8095
-14.5606
-14.2996
-14.0251
-13.7355
-13.4272
-13.1015
-12.7554
-12.3936
-12.0129
-11.6201
-11.2175
-10.8112
-10.404
-10.0043
-9.61566
-9.24522
-8.89389
-8.56579
-8.2577
-7.97042
-7.69787
-7.4392
-7.18937
-6.9486
-6.71705
-6.49235
-6.27959
-6.07215
-5.87491
-5.68423
-5.49658
-5.30656
-5.10922
-4.9007
-4.67726
-4.43519
-4.17202
-3.88349
-3.56853
-3.22707
-2.86314
-2.4861
-2.11036
-1.7541
-1.4359
-1.17147
-0.970478
-0.834189
-0.755135
-0.718786
-0.706189
-0.698594
-0.680337
-0.641371
-0.578017
-0.492142
-0.390058
-0.28065
-0.173748
-0.0783087
-0.00211547
0.0521063
0.0739734
0.0817065
0.125182
-0.0222856
-15.2654
-15.0843
-14.9006
-14.7071
-14.5153
-14.3276
-14.1411
-13.9502
-13.754
-13.5505
-13.337
-13.1097
-12.8677
-12.6063
-12.3268
-12.0281
-11.7118
-11.3803
-11.0363
-10.6855
-10.3298
-9.977
-9.63012
-9.29656
-8.97722
-8.67701
-8.39367
-8.12908
-7.87798
-7.64022
-7.41036
-7.18835
-6.97107
-6.7594
-6.55113
-6.34651
-6.14531
-5.94477
-5.74078
-5.52999
-5.30809
-5.07273
-4.82191
-4.55441
-4.26917
-3.96681
-3.64736
-3.31272
-2.96641
-2.61473
-2.26769
-1.93798
-1.63912
-1.38333
-1.179
-1.02862
-0.927861
-0.866021
-0.828604
-0.799922
-0.7662
-0.717758
-0.649928
-0.562935
-0.461204
-0.351864
-0.243508
-0.144429
-0.0620427
-0.000421962
0.0371261
0.0528312
0.135587
-0.104591
-14.161
-14.009
-13.8541
-13.6877
-13.5225
-13.3628
-13.2067
-13.0495
-12.8903
-12.728
-12.5593
-12.3824
-12.1931
-11.9903
-11.7708
-11.5361
-11.2824
-11.0159
-10.7363
-10.4483
-10.1526
-9.85569
-9.55922
-9.26986
-8.98832
-8.71986
-8.46294
-8.2206
-7.98883
-7.76857
-7.55476
-7.34785
-7.14378
-6.94308
-6.74309
-6.54363
-6.34318
-6.13803
-5.92634
-5.70357
-5.46735
-5.21559
-4.94742
-4.66297
-4.36399
-4.05279
-3.73096
-3.40217
-3.06953
-2.73813
-2.41429
-2.10713
-1.8259
-1.57947
-1.37461
-1.21404
-1.09545
-1.0116
-0.951251
-0.902032
-0.852334
-0.793241
-0.719619
-0.630459
-0.528545
-0.419377
-0.310147
-0.208244
-0.120362
-0.0512337
-0.000446006
0.0254205
0.109125
-0.117153
-13.1083
-12.983
-12.8511
-12.7077
-12.5617
-12.4216
-12.2843
-12.1476
-12.0108
-11.8736
-11.735
-11.5924
-11.4444
-11.2875
-11.12
-10.9416
-10.7486
-10.5448
-10.3295
-10.1067
-9.8744
-9.63764
-9.39671
-9.15751
-8.91975
-8.68866
-8.46291
-8.24627
-8.03565
-7.83311
-7.63441
-7.44076
-7.24814
-7.05741
-6.86525
-6.67156
-6.47336
-6.26858
-6.0542
-5.82679
-5.58352
-5.32344
-5.04611
-4.75348
-4.44853
-4.13379
-3.81328
-3.49074
-3.17061
-2.85542
-2.55111
-2.26319
-1.99788
-1.76108
-1.55766
-1.39008
-1.25734
-1.1543
-1.07317
-1.00433
-0.938403
-0.867621
-0.786866
-0.694339
-0.591484
-0.482302
-0.372588
-0.268661
-0.17635
-0.100398
-0.038917
-0.0029973
0.0776232
-0.103257
-12.1047
-12.0042
-11.8961
-11.7739
-11.6463
-11.5227
-11.4007
-11.2802
-11.1609
-11.0444
-10.9306
-10.8165
-10.6997
-10.578
-10.4485
-10.3138
-10.1682
-10.0165
-9.85619
-9.69022
-9.51568
-9.33662
-9.15089
-8.96308
-8.77189
-8.58191
-8.39145
-8.20439
-8.0181
-7.83536
-7.65271
-7.47213
-7.29018
-7.1081
-6.92288
-6.73446
-6.53991
-6.33734
-6.12384
-5.89555
-5.65124
-5.38924
-5.11047
-4.81788
-4.51325
-4.20147
-3.88585
-3.57254
-3.26408
-2.96443
-2.67731
-2.40662
-2.15586
-1.92869
-1.72818
-1.55609
-1.41184
-1.2926
-1.19266
-1.10523
-1.02314
-0.939972
-0.851044
-0.754137
-0.649646
-0.54024
-0.430323
-0.32507
-0.229357
-0.14762
-0.0774755
-0.0323173
0.0525859
-0.0907801
-11.1631
-11.0848
-10.9985
-10.897
-10.7885
-10.6826
-10.5776
-10.4732
-10.3697
-10.2691
-10.1725
-10.0775
-9.98507
-9.89031
-9.79238
-9.69242
-9.5851
-9.47264
-9.35443
-9.23386
-9.10584
-8.974
-8.83532
-8.69398
-8.54703
-8.39827
-8.24495
-8.09045
-7.93187
-7.77203
-7.60782
-7.4417
-7.27081
-7.09721
-6.9182
-6.73465
-6.54352
-6.344
-6.13261
-5.90739
-5.66634
-5.40829
-5.13555
-4.84851
-4.55116
-4.24742
-3.9421
-3.64047
-3.34609
-3.06206
-2.79158
-2.53668
-2.29974
-2.08217
-1.88562
-1.71083
-1.55777
-1.4244
-1.30762
-1.20277
-1.10476
-1.00872
-0.91068
-0.808379
-0.701478
-0.591521
-0.481607
-0.375728
-0.277749
-0.191568
-0.114623
-0.0608419
0.0306525
-0.0844124
-10.2818
-10.2214
-10.154
-10.0723
-9.98338
-9.89657
-9.81001
-9.72347
-9.63738
-9.55421
-9.47511
-9.40022
-9.32599
-9.25399
-9.17853
-9.10446
-9.02269
-8.94142
-8.85506
-8.76746
-8.67471
-8.5805
-8.48064
-8.37838
-8.27008
-8.15841
-8.03966
-7.91619
-7.78456
-7.64717
-7.50112
-7.34909
-7.18877
-7.02284
-6.84941
-6.6701
-6.48276
-6.28698
-6.08019
-5.86062
-5.62654
-5.37819
-5.11519
-4.83994
-4.55515
-4.26557
-3.97478
-3.68878
-3.41077
-3.14378
-2.88979
-2.65058
-2.42682
-2.21896
-2.02702
-1.85119
-1.69082
-1.54586
-1.41424
-1.2934
-1.18018
-1.07128
-0.963704
-0.855408
-0.745609
-0.634927
-0.525291
-0.419508
-0.320391
-0.23112
-0.149058
-0.0874177
0.0086481
-0.0797852
-9.49169
-9.44876
-9.4019
-9.33858
-9.26901
-9.1989
-9.12871
-9.05665
-8.98398
-8.91279
-8.8448
-8.78058
-8.72169
-8.66212
-8.60321
-8.54304
-8.48094
-8.41772
-8.35246
-8.2893
-8.22358
-8.15879
-8.09063
-8.02179
-7.94734
-7.8689
-7.78166
-7.68697
-7.58084
-7.46508
-7.33678
-7.19859
-7.04886
-6.89079
-6.72325
-6.54881
-6.36577
-6.175
-5.97396
-5.76217
-5.53847
-5.30191
-5.05383
-4.79439
-4.52739
-4.25591
-3.98385
-3.71678
-3.45764
-3.20888
-2.97202
-2.74804
-2.53711
-2.33835
-2.15139
-1.97476
-1.80935
-1.65462
-1.51032
-1.37529
-1.24803
-1.12683
-1.00972
-0.895107
-0.781989
-0.670327
-0.561071
-0.455925
-0.356675
-0.265636
-0.180116
-0.111792
-0.0135681
-0.0751009
-8.75384
-8.72976
-8.70276
-8.65948
-8.60946
-8.55727
-8.50374
-8.44593
-8.38597
-8.32555
-8.2657
-8.20919
-8.15193
-8.09923
-8.04569
-7.99791
-7.94584
-7.89777
-7.84917
-7.80419
-7.75903
-7.71699
-7.67325
-7.6299
-7.58162
-7.52922
-7.46726
-7.39629
-7.3118
-7.21508
-7.10333
-6.97902
-6.84079
-6.69204
-6.53225
-6.36447
-6.18796
-6.0041
-5.81141
-5.60989
-5.39858
-5.17759
-4.94698
-4.7072
-4.46132
-4.21174
-3.96181
-3.71656
-3.47847
-3.24936
-3.03017
-2.82157
-2.62281
-2.43315
-2.25056
-2.07478
-1.90559
-1.74373
-1.58943
-1.44267
-1.30353
-1.17155
-1.04586
-0.925361
-0.80908
-0.696559
-0.587965
-0.484041
-0.385596
-0.294021
-0.206573
-0.133129
-0.0336422
-0.070456
-8.07692
-8.06818
-8.05792
-8.03293
-8.00073
-7.96533
-7.92648
-7.88168
-7.83202
-7.77905
-7.72587
-7.67325
-7.62685
-7.57937
-7.53585
-7.4917
-7.45161
-7.41191
-7.37489
-7.34375
-7.31417
-7.28876
-7.26263
-7.23737
-7.2072
-7.17269
-7.12804
-7.07366
-7.00504
-6.92332
-6.82545
-6.71376
-6.58696
-6.44842
-6.2978
-6.13859
-5.97023
-5.79508
-5.61194
-5.42201
-5.22476
-5.02057
-4.80924
-4.59106
-4.36828
-4.14265
-3.91657
-3.69453
-3.47852
-3.26963
-3.06826
-2.87454
-2.6876
-2.50598
-2.32824
-2.15364
-1.98261
-1.81579
-1.65392
-1.49823
-1.34958
-1.2088
-1.07581
-0.950067
-0.830776
-0.717307
-0.609264
-0.506644
-0.40939
-0.318028
-0.229681
-0.152424
-0.0520097
-0.0674786
-7.42624
-7.42454
-7.42368
-7.41033
-7.39144
-7.36985
-7.34564
-7.31491
-7.27913
-7.23899
-7.1955
-7.15234
-7.10386
-7.05916
-7.01264
-6.97513
-6.93655
-6.9075
-6.88177
-6.86242
-6.84614
-6.8345
-6.82214
-6.80948
-6.79134
-6.76785
-6.73409
-6.69038
-6.63267
-6.56196
-6.47571
-6.37592
-6.26125
-6.13472
-5.99587
-5.84796
-5.69094
-5.52725
-5.35656
-5.18043
-4.99918
-4.81252
-4.62189
-4.42537
-4.22661
-4.02484
-3.82364
-3.62571
-3.43263
-3.24473
-3.06204
-2.88413
-2.70984
-2.53776
-2.36649
-2.19557
-2.02541
-1.85671
-1.69119
-1.53015
-1.3758
-1.22936
-1.09159
-0.962358
-0.841224
-0.72751
-0.620547
-0.519718
-0.42432
-0.334077
-0.245971
-0.1664
-0.0656088
-0.0640505
-6.8313
-6.83098
-6.83331
-6.82667
-6.81643
-6.80571
-6.793
-6.77495
-6.75071
-6.72006
-6.68543
-6.64649
-6.61254
-6.57583
-6.54534
-6.51396
-6.49113
-6.47047
-6.45438
-6.44419
-6.43619
-6.43094
-6.42433
-6.41645
-6.40303
-6.38381
-6.35488
-6.3163
-6.26511
-6.20219
-6.12532
-6.03623
-5.93364
-5.81997
-5.69468
-5.56061
-5.41741
-5.2676
-5.1107
-4.94902
-4.78221
-4.6127
-4.43862
-4.26153
-4.08232
-3.90224
-3.72215
-3.54524
-3.37267
-3.20397
-3.03876
-2.87606
-2.71444
-2.55246
-2.3887
-2.22287
-2.05518
-1.88715
-1.72015
-1.55676
-1.39915
-1.24931
-1.10832
-0.976557
-0.853872
-0.739727
-0.633315
-0.533627
-0.439514
-0.350101
-0.262182
-0.18075
-0.079531
-0.06354
-6.15709
-6.15662
-6.16036
-6.15738
-6.15273
-6.1492
-6.14615
-6.13981
-6.13017
-6.11729
-6.10073
-6.08379
-6.05794
-6.03438
-6.00592
-5.98566
-5.96246
-5.949
-5.93813
-5.93141
-5.9265
-5.92312
-5.9179
-5.91011
-5.89684
-5.87766
-5.85016
-5.81447
-5.76859
-5.71322
-5.64685
-5.57071
-5.48353
-5.38709
-5.28035
-5.16541
-5.04153
-4.91077
-4.77256
-4.62898
-4.48138
-4.32868
-4.17443
-4.01523
-3.8562
-3.69452
-3.53501
-3.37846
-3.2261
-3.07699
-2.9306
-2.78535
-2.63962
-2.49164
-2.33995
-2.18406
-2.02443
-1.86232
-1.69989
-1.53962
-1.3842
-1.23577
-1.0958
-0.965001
-0.843608
-0.731268
-0.62708
-0.529951
-0.438414
-0.351183
-0.26491
-0.183395
-0.0831552
-0.0577353
-5.64767
-5.64861
-5.65268
-5.65202
-5.65019
-5.65082
-5.65284
-5.65374
-5.65327
-5.65106
-5.64827
-5.6409
-5.63675
-5.62808
-5.62229
-5.6131
-5.60753
-5.6003
-5.59322
-5.58641
-5.57881
-5.57022
-5.55906
-5.54527
-5.52725
-5.50482
-5.47624
-5.44143
-5.39895
-5.34924
-5.29089
-5.22481
-5.14959
-5.06652
-4.97437
-4.8749
-4.76701
-4.65254
-4.53057
-4.40348
-4.27004
-4.1343
-3.99277
-3.8486
-3.70203
-3.5552
-3.4086
-3.26508
-3.12593
-2.98995
-2.8566
-2.72401
-2.59042
-2.45381
-2.31256
-2.16597
-2.01428
-1.85886
-1.70179
-1.54572
-1.39329
-1.2469
-1.1081
-0.978065
-0.8573
-0.745499
-0.641965
-0.5455
-0.454598
-0.36773
-0.281425
-0.198647
-0.0978189
-0.0618346
-4.83322
-4.83834
-4.84514
-4.84577
-4.84316
-4.84108
-4.83914
-4.83597
-4.83134
-4.82606
-4.82078
-4.81908
-4.81418
-4.81361
-4.81129
-4.8142
-4.8148
-4.81921
-4.82352
-4.82757
-4.82913
-4.82833
-4.82405
-4.81673
-4.80563
-4.79096
-4.77201
-4.74867
-4.71963
-4.68461
-4.64216
-4.59242
-4.53399
-4.468
-4.39321
-4.31157
-4.22231
-4.12749
-4.02651
-3.92116
-3.81288
-3.69901
-3.5837
-3.46198
-3.33936
-3.21185
-3.08618
-2.96186
-2.84088
-2.72234
-2.60623
-2.49065
-2.37414
-2.25453
-2.13026
-2.00039
-1.86497
-1.72512
-1.58273
-1.44016
-1.30002
-1.16446
-1.0353
-0.913919
-0.800769
-0.695915
-0.598661
-0.508103
-0.422716
-0.340806
-0.258857
-0.179062
-0.0818097
-0.0452391
-4.69035
-4.6973
-4.70325
-4.70193
-4.69707
-4.69156
-4.68577
-4.67837
-4.67047
-4.66252
-4.65596
-4.64851
-4.64624
-4.64301
-4.64451
-4.64508
-4.65061
-4.6569
-4.66301
-4.6682
-4.67115
-4.67059
-4.66515
-4.65475
-4.63959
-4.62017
-4.59669
-4.56909
-4.53699
-4.49985
-4.45652
-4.40655
-4.3488
-4.28381
-4.21113
-4.13269
-4.04836
-3.96063
-3.86879
-3.77545
-3.67796
-3.58067
-3.47747
-3.37144
-3.26068
-3.14774
-3.03267
-2.91756
-2.80418
-2.69175
-2.58073
-2.46965
-2.35765
-2.2429
-2.12423
-2.00075
-1.87244
-1.74013
-1.60531
-1.46996
-1.33622
-1.20599
-1.08103
-0.96247
-0.85105
-0.7468
-0.649583
-0.558365
-0.471993
-0.388669
-0.304766
-0.22208
-0.12123
-0.0692865
-3.38673
-3.4002
-3.41397
-3.42074
-3.42272
-3.42221
-3.41964
-3.41442
-3.40725
-3.39971
-3.39323
-3.39098
-3.38816
-3.39129
-3.39589
-3.40802
-3.42003
-3.43674
-3.456
-3.47684
-3.49608
-3.51328
-3.52693
-3.53604
-3.53893
-3.53459
-3.52248
-3.50255
-3.47543
-3.44194
-3.40304
-3.35983
-3.31259
-3.2624
-3.20879
-3.15315
-3.09458
-3.03463
-2.97216
-2.90845
-2.84503
-2.77736
-2.71015
-2.63668
-2.56204
-2.48016
-2.39847
-2.31435
-2.22961
-2.14345
-2.05677
-1.96852
-1.87862
-1.78588
-1.68984
-1.58997
-1.48643
-1.37989
-1.27145
-1.16259
-1.05481
-0.949586
-0.84816
-0.751584
-0.660272
-0.574891
-0.494668
-0.419804
-0.348454
-0.279066
-0.207923
-0.135898
-0.0461046
-0.0120979
-3.97523
-3.98571
-3.99285
-3.99276
-3.99022
-3.98659
-3.98216
-3.9751
-3.96635
-3.95601
-3.94538
-3.93425
-3.92815
-3.92573
-3.92942
-3.93609
-3.94741
-3.96545
-3.98263
-3.9998
-4.01682
-4.03226
-4.04304
-4.04733
-4.0429
-4.02808
-4.00135
-3.9623
-3.91172
-3.85167
-3.78502
-3.71504
-3.6444
-3.57534
-3.50849
-3.44448
-3.38197
-3.3212
-3.25975
-3.19838
-3.13356
-3.0696
-3.00024
-2.92906
-2.85352
-2.77568
-2.69461
-2.61076
-2.52502
-2.43631
-2.34538
-2.25155
-2.15521
-2.05592
-1.95392
-1.8492
-1.74223
-1.63362
-1.52421
-1.41495
-1.30684
-1.2007
-1.09749
-0.997604
-0.901991
-0.810321
-0.723575
-0.640487
-0.560413
-0.481694
-0.400443
-0.317466
-0.209817
-0.12316
-1.60591
-1.59612
-1.58468
-1.56692
-1.54665
-1.52693
-1.51004
-1.49647
-1.48529
-1.48024
-1.47153
-1.46849
-1.46171
-1.46077
-1.46649
-1.48508
-1.5083
-1.53743
-1.57792
-1.62721
-1.67663
-1.72523
-1.7687
-1.8053
-1.83018
-1.84202
-1.83885
-1.82172
-1.79164
-1.75191
-1.70556
-1.65692
-1.60896
-1.56496
-1.52595
-1.49303
-1.4651
-1.44115
-1.41931
-1.39827
-1.37871
-1.35464
-1.3314
-1.30332
-1.27547
-1.24096
-1.20614
-1.16835
-1.12783
-1.08322
-1.03549
-0.984414
-0.930841
-0.874705
-0.816752
-0.757286
-0.697
-0.636382
-0.576055
-0.516555
-0.458372
-0.40198
-0.347686
-0.295945
-0.24681
-0.200923
-0.157612
-0.116993
-0.0780324
-0.0391639
0.00349942
0.0520755
0.117933
0.114875
-3.89937
-3.89889
-3.88337
-3.85906
-3.83296
-3.80758
-3.78277
-3.75957
-3.73924
-3.7202
-3.70869
-3.70172
-3.70185
-3.71069
-3.72152
-3.73572
-3.74978
-3.7772
-3.80021
-3.82145
-3.84166
-3.85984
-3.87132
-3.87401
-3.86543
-3.84562
-3.81432
-3.77338
-3.72433
-3.67019
-3.61292
-3.55528
-3.49827
-3.44348
-3.39101
-3.34143
-3.29401
-3.24862
-3.20374
-3.15891
-3.11228
-3.06518
-3.01751
-2.96847
-2.91743
-2.86269
-2.8058
-2.74493
-2.67989
-2.6112
-2.53883
-2.46367
-2.38569
-2.30563
-2.22344
-2.13986
-2.05486
-1.96909
-1.88253
-1.79571
-1.70868
-1.62184
-1.53537
-1.4496
-1.3648
-1.28097
-1.19845
-1.11732
-1.03716
-0.957607
-0.8739
-0.785517
-0.627047
-0.402127
1.02421
1.77404
2.42228
2.96615
3.42004
3.80301
4.13185
4.41964
4.67619
4.90818
5.12066
5.317
5.49973
5.6704
5.83005
5.97917
6.11805
6.24678
6.36548
6.47434
6.5739
6.66435
6.7449
6.8147
6.87466
6.92523
6.96768
7.00232
7.03061
7.05335
7.07211
7.08776
7.10155
7.11422
7.12815
7.1412
7.1551
7.17044
7.18774
7.20666
7.22678
1.01912
1.75464
2.40932
2.97649
3.46143
3.87119
4.21181
4.48939
4.7089
4.87566
4.99397
5.06898
5.10475
5.10639
5.07791
5.02458
4.95046
4.86059
4.75862
4.64888
4.534
4.41744
4.30202
4.19079
4.08488
3.98616
3.89459
3.81133
3.73546
3.66771
3.60675
3.55286
3.50529
3.46358
3.42673
3.39416
3.36503
3.33848
3.31464
3.29397
3.27604
1.01438
1.74184
2.38638
2.93443
3.3926
3.76985
4.0755
4.31947
4.51171
4.66177
4.77867
4.87057
4.94486
5.00754
5.06374
5.1168
5.16946
5.2226
5.27716
5.33253
5.38888
5.44496
5.50074
5.55454
5.60591
5.65386
5.69809
5.73803
5.77376
5.80431
5.83185
5.85363
5.87081
5.88123
5.88855
5.89195
5.89257
5.89254
5.89435
5.89912
5.90644
1.01486
1.74623
2.394
2.9422
3.40387
3.79222
4.11892
4.39441
4.62803
4.82705
4.99732
5.14287
5.26683
5.3708
5.45636
5.52405
5.57528
5.61069
5.63217
5.64071
5.63869
5.62707
5.60951
5.58679
5.56123
5.53279
5.50356
5.47273
5.44104
5.40842
5.37311
5.33741
5.30041
5.26402
5.22833
5.19297
5.16108
5.13261
5.10892
5.09033
5.07639
1.01977
1.76464
2.42926
2.99566
3.48055
3.89704
4.25406
4.56
4.82108
5.04293
5.22966
5.38533
5.5136
5.61807
5.70253
5.77023
5.82486
5.86888
5.90531
5.93542
5.96136
5.98315
6.00321
6.02071
6.03628
6.04862
6.05827
6.06397
6.06644
6.06501
6.06079
6.05191
6.0406
6.02647
6.01472
6.00269
5.99553
5.99306
5.99561
6.00202
6.0101
1.02873
1.79317
2.47954
3.06612
3.57225
4.00974
4.38676
4.71023
4.98762
5.2241
5.4259
5.59701
5.74302
5.8667
5.97247
6.06182
6.138
6.20146
6.25458
6.29722
6.33133
6.35612
6.37446
6.3857
6.39102
6.38952
6.38283
6.36985
6.35222
6.32977
6.30434
6.27703
6.25088
6.22641
6.20712
6.19034
6.17994
6.17393
6.171
6.16863
6.16401
1.04246
1.83158
2.54265
3.14993
3.67635
4.13442
4.53194
4.87682
5.17613
5.4358
5.66073
5.85535
6.02316
6.16756
6.29098
6.39627
6.48524
6.56046
6.62324
6.67561
6.71829
6.75217
6.77887
6.79921
6.81257
6.81953
6.81983
6.81423
6.80286
6.78755
6.76874
6.74987
6.7333
6.72184
6.7163
6.717
6.72367
6.73282
6.74112
6.74545
6.74327
1.06284
1.88172
2.62213
3.2541
3.80492
4.28771
4.70999
5.07954
5.40296
5.68563
5.93186
6.14591
6.33131
6.49185
6.63033
6.75013
6.85336
6.94268
7.01928
7.08488
7.13991
7.18454
7.22036
7.24791
7.26688
7.27789
7.28162
7.27952
7.27305
7.2642
7.25465
7.24634
7.24054
7.23775
7.23777
7.23959
7.24165
7.24158
7.23773
7.22843
7.21284
1.09057
1.94475
2.71961
3.38056
3.95923
4.46897
4.91686
5.31059
5.65667
5.96054
6.22673
6.45991
6.66387
6.8427
6.99919
7.13664
7.2568
7.36212
7.45343
7.53219
7.5985
7.65206
7.69461
7.72671
7.74852
7.76093
7.76594
7.76497
7.76095
7.75571
7.7515
7.75069
7.7536
7.75973
7.76726
7.77381
7.777
7.77378
7.76372
7.74635
7.72321
1.12653
2.02109
2.83479
3.52779
4.13635
4.67419
5.14823
5.5667
5.93638
6.26314
6.55162
6.80668
7.03202
7.23161
7.40784
7.5638
7.70089
7.82127
7.92539
8.01438
8.08796
8.14546
8.18867
8.21874
8.23619
8.24332
8.24295
8.2382
8.23192
8.22736
8.22585
8.22802
8.23237
8.23777
8.24074
8.24016
8.23359
8.22134
8.20234
8.1796
8.15221
1.17086
2.11103
2.96775
3.69579
4.33685
4.90475
5.40742
5.85292
6.24916
6.60145
6.91507
7.19424
7.44288
7.6643
7.8609
8.03516
8.18823
8.32182
8.4359
8.53131
8.60729
8.66315
8.70101
8.72341
8.7317
8.72993
8.72137
8.71078
8.7006
8.6931
8.68775
8.68467
8.68023
8.67517
8.66387
8.64859
8.62769
8.60345
8.57529
8.54681
8.51681
1.22473
2.21567
3.11998
3.88703
4.56362
5.16537
5.69932
6.17561
6.6008
6.98204
7.32266
7.62856
7.90156
8.14643
8.36337
8.55613
8.7238
8.86915
8.99026
9.08914
9.16341
9.21424
9.24328
9.25614
9.25383
9.24333
9.22701
9.21036
9.19307
9.17807
9.162
9.14521
9.12326
9.09879
9.06611
9.03043
8.99109
8.95168
8.91143
8.87331
8.83624
1.28887
2.33654
3.29386
4.10438
4.82095
5.4601
6.0295
6.53954
6.99764
7.41006
7.78114
8.11505
8.41502
8.68332
8.92202
9.13191
9.31431
9.46874
9.59602
9.69486
9.76676
9.80985
9.83134
9.83445
9.82539
9.80734
9.78602
9.76193
9.73735
9.70892
9.67753
9.64016
9.59671
9.54824
9.49414
9.43875
9.38236
9.32894
9.27708
9.22857
9.18238
1.36534
2.47599
3.4926
4.35153
5.1132
5.79395
6.40344
6.95091
7.44587
7.89251
8.297
8.66105
8.98965
9.28259
9.54357
9.77091
9.96755
10.1306
10.263
10.3615
10.4306
10.4675
10.4832
10.4799
10.4662
10.4426
10.4158
10.3827
10.3464
10.3034
10.2512
10.1926
10.1245
10.0559
9.97929
9.90693
9.83713
9.77208
9.70955
9.65072
9.59485
1.45596
2.63714
3.71966
4.63345
5.44525
6.17346
6.8271
7.41725
7.95203
8.43733
8.87698
9.27474
9.63269
9.95306
10.236
10.4827
10.6921
10.8652
11.0005
11.1007
11.1661
11.2004
11.2101
11.2037
11.1829
11.1534
11.1141
11.0675
11.0107
10.9442
10.8685
10.7844
10.6977
10.6061
10.5178
10.4328
10.3536
10.2779
10.2068
10.1365
10.0704
1.56454
2.82397
3.98032
4.95544
5.82383
6.60504
7.30835
7.94548
8.52469
9.05187
9.53053
9.96424
10.3546
10.7037
11.0108
11.277
11.5006
11.6832
11.8239
11.9262
11.9914
12.0241
12.0306
12.0195
11.991
11.9501
11.8948
11.8281
11.7482
11.6567
11.5571
11.4511
11.3454
11.2378
11.1363
11.0396
10.9485
10.8601
10.7757
10.6911
10.6096
1.69445
3.04151
4.28029
5.32427
6.25618
7.09654
7.85525
8.54442
9.17285
9.74612
10.2677
10.7408
11.1668
11.5467
11.8799
12.1669
12.4064
12.6003
12.7487
12.8558
12.9234
12.9555
12.9585
12.9401
12.8999
12.8425
12.7661
12.6755
12.5706
12.4537
12.3313
12.203
12.079
11.9535
11.8353
11.7213
11.6126
11.5052
11.4006
11.294
11.1898
1.85142
3.29618
4.62676
5.7479
6.75063
7.65721
8.47733
9.22465
9.90744
10.5322
11.1011
11.6179
12.0823
12.4965
12.858
13.1688
13.4266
13.6355
13.7943
13.9095
13.9804
14.0123
14.0094
13.9808
13.9241
13.8463
13.7453
13.628
13.4939
13.3504
13.1988
13.0489
12.8964
12.7499
12.6076
12.4705
12.3349
12.201
12.0659
11.9293
11.7917
2.04064
3.59475
5.02809
6.23533
7.31749
8.29763
9.18675
9.99847
10.7425
11.4239
12.046
12.6103
13.1186
13.5699
13.9647
14.3021
14.5838
14.81
14.9843
15.1076
15.1839
15.2112
15.2002
15.1536
15.0769
14.9708
14.8417
14.6929
14.5266
14.3517
14.168
13.9879
13.8024
13.6242
13.4498
13.2796
13.1089
12.938
12.7633
12.5853
12.4049
2.26984
3.94633
5.49397
6.79775
7.96864
9.0314
9.99758
10.8818
11.694
12.4392
13.1203
13.7385
14.2953
14.7897
15.2225
15.5927
15.9019
16.1505
16.3413
16.474
16.5513
16.5704
16.5426
16.4714
16.3634
16.2209
16.0526
15.8605
15.6545
15.4393
15.2194
15.0006
14.7816
14.5673
14.3529
14.1405
13.9245
13.7073
13.484
13.2567
13.0264
2.54652
4.36033
6.03647
7.44826
8.71913
9.87457
10.9276
11.8933
12.7824
13.5993
14.3471
15.0265
15.6392
16.1841
16.6615
17.0704
17.4122
17.6861
17.8936
18.0336
18.107
18.111
18.058
17.954
17.8074
17.6231
17.4101
17.1736
16.9228
16.6601
16.3966
16.1276
15.8618
15.5959
15.3315
15.064
14.796
14.5222
14.2467
13.9641
13.6843
2.88214
4.85045
6.66992
8.20409
9.58696
10.8477
11.9984
13.0569
14.0327
14.9319
15.7557
16.5062
17.1836
17.7875
18.3169
18.7711
19.1491
19.4497
19.6725
19.8147
19.8765
19.855
19.7661
19.6177
19.421
19.1817
18.9126
18.6188
18.3103
17.991
17.6694
17.3417
17.0164
16.6897
16.3645
16.0362
15.709
15.3777
15.0476
14.713
14.3847
3.28811
5.43201
7.41326
9.08557
10.5958
11.9757
13.2382
14.4021
15.4781
16.4716
17.3841
18.2169
18.97
19.6427
20.2324
20.737
21.1537
21.4803
21.7129
21.85
21.8887
21.8294
21.6887
21.4817
21.2183
20.9116
20.571
20.2046
19.8231
19.4291
19.0349
18.6335
18.2361
17.837
17.4414
17.0441
16.6521
16.2586
15.8716
15.4827
15.1045
3.78337
6.1249
8.29052
10.1188
11.7754
13.2908
14.6827
15.9677
17.1606
18.2634
19.2803
20.2086
21.0511
21.8017
22.4595
23.0175
23.4736
23.8206
24.0561
24.1745
24.1739
24.0566
23.8455
23.5596
23.2126
22.8191
22.3904
21.9358
21.4646
20.9859
20.4994
20.0155
19.5316
19.051
18.5708
18.0975
17.6275
17.1662
16.7088
16.2604
15.8182
4.38602
6.95595
9.33034
11.3392
13.1626
14.8366
16.3772
17.8057
19.1339
20.3671
21.5047
22.5465
23.4898
24.3304
25.0609
25.6754
26.1652
26.5244
26.7465
26.8262
26.7616
26.5596
26.2519
25.8608
25.4056
24.9051
24.3638
23.8048
23.2252
22.6472
22.0563
21.4725
20.8912
20.3164
19.7449
19.1843
18.6299
18.088
17.5528
17.0312
16.5191
5.12552
7.95781
10.573
12.7906
14.8092
16.6683
18.3848
19.9819
21.4713
22.8577
24.1382
25.311
26.3704
27.3098
28.1172
28.7837
29.298
29.6517
29.836
29.8475
29.6832
29.3581
28.9137
28.3785
27.7759
27.123
26.4447
25.7462
25.0444
24.337
23.6401
22.948
22.2592
21.5818
20.9114
20.2573
19.6108
18.9811
18.3586
17.7556
17.1642
6.03746
9.17611
12.0715
14.5342
16.7834
18.8623
20.7887
22.5873
24.2692
25.8379
27.2867
28.6112
29.8012
30.846
31.7289
32.4373
32.9547
33.2723
33.3804
33.2761
32.9602
32.4598
31.8294
31.1058
30.3179
29.4891
28.6374
27.778
26.9174
26.0678
25.2306
24.406
23.5991
22.8072
22.0364
21.281
20.5473
19.8249
19.1239
18.4349
17.7731
7.17213
10.6732
13.8993
16.6543
19.1801
21.5238
23.7038
25.7462
27.6602
29.4467
31.0936
32.5918
33.925
35.0769
36.0232
36.7467
37.2282
37.4573
37.4249
37.1341
36.5896
35.837
34.9513
33.9782
32.9518
31.8952
30.8297
29.77
28.723
27.7029
26.7073
25.738
24.7969
23.8809
22.9967
22.1363
21.3079
20.4953
19.7118
18.9423
18.2081
8.6017
12.5384
16.1611
19.2707
22.1342
24.8028
27.2944
29.6358
31.8328
33.8812
35.7603
37.4539
38.9361
40.1822
41.1596
41.8462
42.2189
42.2704
41.9965
41.4093
40.5259
39.4201
38.1917
36.8992
35.5691
34.2427
32.9258
31.6455
30.3962
29.1922
28.0323
26.915
25.8371
24.8012
23.8039
22.8487
21.9252
21.0337
20.1622
19.3225
18.5094
10.4275
14.9
19.0087
22.5579
25.8427
28.9178
31.7996
34.5137
37.059
39.4226
41.57
43.4728
45.0914
46.3896
47.3239
47.8693
48.0038
47.7293
47.0548
46.0128
44.6376
43.0449
41.368
39.6615
37.9762
36.3242
34.7405
33.2062
31.7635
30.3767
29.055
27.7901
26.5867
25.4407
24.3504
23.3135
22.3122
21.342
20.385
19.4634
18.5751
12.8033
17.9531
22.6744
26.7837
30.609
34.2067
37.5892
40.7767
43.7554
46.4959
48.9405
51.0412
52.7382
53.9808
54.7174
54.9269
54.6001
53.7644
52.4577
50.7458
48.6959
46.4786
44.2578
42.0869
39.9968
38.0135
36.1329
34.3819
32.7313
31.1737
29.6956
28.2987
26.9822
25.7499
24.5988
23.5096
22.4592
21.4137
20.3765
19.3573
18.4072
15.9293
21.9546
27.4734
32.3136
36.8504
41.1352
45.1699
48.9618
52.4721
55.6397
58.3694
60.582
62.1925
63.1392
63.3749
62.9045
61.7602
60.0205
57.7774
55.1484
52.2387
49.2809
46.4591
43.8021
41.3195
39.0302
36.9168
34.9873
33.192
31.5037
29.9003
28.3907
26.99
25.7089
24.533
23.4149
22.301
21.143
19.9579
18.7932
17.7493
19.9601
27.0702
33.6141
39.3942
44.8545
50.0233
54.8825
59.4083
63.5147
67.0822
69.9594
72.0269
73.1836
73.3804
72.6174
70.9713
68.5607
65.5493
62.1032
58.3942
54.5598
50.8704
47.4985
44.4264
41.6371
39.1545
36.9201
34.9407
33.0926
31.3526
29.6838
28.1593
26.7951
25.6226
24.5553
23.4956
22.3213
20.9981
19.5877
18.2291
17.0993
24.892
33.3099
41.0963
48.0301
54.626
60.8663
66.6933
72.0189
76.6717
80.4408
83.1065
84.5253
84.6257
83.438
81.0843
77.7746
73.7549
69.2848
64.5968
59.8881
55.2873
51.0444
47.2844
43.9306
40.9787
38.4169
36.2091
34.2201
32.3297
30.4881
28.7641
27.2757
26.11
25.2093
24.4004
23.4484
22.1997
20.6631
19.0259
17.5742
16.5294
30.7845
40.8068
50.1243
58.4928
66.4903
74.0142
80.925
87.0116
91.9631
95.4532
97.2223
97.1827
95.4022
92.106
87.6245
82.3416
76.6238
70.7921
65.0979
59.7015
54.6553
50.1346
46.1966
42.7633
39.8538
37.4416
35.3752
33.4127
31.4053
29.3964
27.6046
26.271
25.4273
24.9048
24.3052
23.3003
21.7535
19.8581
18.0213
16.6881
16.0823
37.7085
49.7205
60.9512
71.1183
80.8355
89.8459
97.8462
104.413
109.05
111.353
111.156
108.609
104.088
98.1274
91.2913
84.0888
76.9328
70.1295
63.8626
58.1861
52.9984
48.3816
44.3995
41.0544
38.4025
36.2971
34.4124
32.3871
30.1537
27.967
26.2853
25.3326
25.0519
24.8808
24.2841
22.8254
20.6385
18.2115
16.2845
15.3983
15.6467
45.7563
60.2586
73.9095
86.333
98.1087
108.707
117.519
123.818
126.968
126.69
123.207
117.162
109.382
100.695
91.7902
83.1668
75.1559
67.9698
61.6546
56.0596
50.9301
46.3205
42.4412
39.402
37.2046
35.4713
33.6274
31.3313
28.7752
26.5772
25.3269
25.1533
25.5191
25.5693
24.5179
22.1798
19.0587
16.1521
14.4539
14.4664
15.9538
55.0044
72.647
89.3813
104.611
118.719
130.703
139.467
144.018
143.878
139.348
131.435
121.447
110.57
99.7215
89.467
80.1365
71.9353
64.9177
58.9132
53.5478
48.4732
43.9054
40.2807
37.7765
36.1226
34.5948
32.4737
29.6811
26.8794
25.0329
24.6895
25.5154
26.4506
26.2589
24.2526
20.6798
16.6832
13.6925
12.8076
14.2315
17.1737
65.5141
87.1779
107.843
126.452
142.871
155.357
162.283
162.802
157.281
147.202
134.573
121.17
108.162
96.1762
85.4805
76.2031
68.4058
61.9574
56.4184
51.2399
46.1972
41.817
38.7218
36.8938
35.6555
33.9542
31.209
27.8721
25.1556
24.1738
25.087
26.895
27.9555
26.9257
23.5298
18.7316
14.2866
11.9186
12.4873
15.654
19.9324
77.2947
104.175
129.801
152.168
170.151
181.104
183.333
177.166
164.721
148.951
132.523
117.052
103.17
91.0047
80.5343
71.7905
64.7222
58.9305
53.7283
48.5988
43.6537
39.7086
37.3412
36.1354
34.9639
32.6748
29.1302
25.486
23.3315
23.5994
25.7847
28.1463
28.7063
26.3554
21.5385
15.9581
11.927
11.0244
13.6089
18.617
23.8888
90.3106
124.059
155.75
181.584
199.037
205.035
199.222
184.507
165.232
145.271
126.98
111.101
97.4768
85.8283
76.0735
68.2131
62.0059
56.7526
51.6695
46.5186
41.8604
38.6206
37.0068
36.1223
34.5943
31.5047
27.3549
23.8734
22.6888
24.2134
27.1719
29.306
28.6602
24.6567
18.6197
12.8853
9.98816
11.1173
15.882
22.5471
28.4273
104.466
147.368
185.909
213.427
226.412
223.186
206.832
183.68
159.506
137.721
119.395
104.12
91.1849
80.2614
71.3725
64.4623
59.0055
54.0687
48.9953
43.9867
39.9223
37.4725
36.3953
35.4291
33.3159
29.5845
25.3568
22.6462
22.724
25.309
28.4804
29.7795
27.6231
22.1517
15.393
9.96984
8.59614
11.5969
18.1683
25.8873
31.9132
119.576
174.814
219.709
244.842
248.073
232.279
205.51
176.598
150.802
129.664
112.63
98.4967
86.4768
76.4512
68.5338
62.4595
57.4471
52.5415
47.4303
42.7128
39.3182
37.4757
36.4931
35.0158
32.1494
27.9782
24.0517
22.3291
23.5213
26.6968
29.5537
29.7623
26.3127
19.9387
13.1156
8.33406
8.37001
12.5774
20.1154
27.9963
33.7347
135.577
206.83
254.871
271.198
259.862
230.797
196.367
165.225
140.212
120.669
104.971
91.7906
80.6288
71.5896
64.6935
59.3892
54.732
49.9374
45.0922
41.0277
38.4548
37.0789
36.0517
34.0722
30.7261
26.5034
23.1461
22.3558
24.2729
27.5238
29.7331
28.916
24.6895
18.2124
11.9737
8.0808
9.29514
13.9558
21.6931
28.8664
33.9615
152.294
243.107
287.372
288.071
260.796
221.877
184.917
155.404
133.006
115.497
101.029
88.598
78.1027
69.7588
63.4227
58.3491
53.6126
48.6909
43.9857
40.3711
38.2411
36.88
35.5773
33.1567
29.5702
25.5615
22.8485
22.7795
25.0136
27.9332
29.2937
27.5479
22.9167
16.8261
11.5784
8.55391
10.8907
15.4117
23.0494
29.0913
33.621
171.235
280.554
311.604
292.602
251.007
206.409
169.81
142.779
122.755
106.95
93.7498
82.5066
73.2432
66.0636
60.6201
56.0907
51.6762
47.0838
42.8773
39.8335
38.0425
36.5718
34.944
32.2203
28.5835
24.9108
22.8318
23.355
25.7564
28.2618
28.8051
26.2512
21.3357
15.6508
11.2638
9.12548
12.2319
16.7587
24.1534
29.1189
33.4347
186.896
314.812
324.586
287.923
239.526
196.477
163.583
139.331
120.655
105.242
92.0901
80.9206
71.8579
64.8782
59.4992
54.9113
50.4539
45.9905
42.1259
39.4731
37.8705
36.2527
34.3292
31.4009
27.7318
24.3029
22.7114
23.7261
26.3376
28.6158
28.5963
25.4314
20.2155
14.693
10.8299
9.31323
12.9678
17.6615
24.9542
29.2568
33.8208
210.153
338.244
324.215
270.448
216.387
175.876
147.181
126.32
110.139
96.7139
85.3036
75.7046
67.9744
62.0273
57.3498
53.1898
49.0082
44.8121
41.2808
38.9658
37.5732
35.9417
33.8517
30.8115
27.0753
23.7116
22.3625
23.6973
26.5537
28.8527
28.6248
25.1396
19.6665
14.0718
10.3241
9.12706
13.0028
17.9911
25.2327
29.6267
34.5174
7.24691
7.26024
7.25818
7.25048
7.24345
7.23526
7.22414
7.20913
7.19149
7.17154
7.15028
7.12787
7.10578
7.08277
7.06387
7.04426
7.0276
7.00914
6.99645
6.98085
6.96366
6.94651
6.92822
6.90694
6.8818
6.85298
6.8207
6.78539
6.74732
6.70704
6.66494
6.6214
6.57664
6.53096
6.48434
6.43693
6.38852
6.33906
6.28848
6.2363
6.18289
6.12782
6.07081
6.01323
5.9525
5.88986
5.82248
5.75392
5.68007
5.60131
5.51837
5.43152
5.34066
5.24536
5.14558
5.04104
4.93171
4.81723
4.6974
4.57175
4.43998
4.30168
4.15639
4.00365
3.84264
3.67244
3.49135
3.29725
3.08539
2.84922
2.57107
2.22478
1.67668
0.826478
3.26854
3.27456
3.28947
3.30437
3.31713
3.32952
3.34173
3.35324
3.36277
3.37042
3.37578
3.37951
3.38192
3.38418
3.3847
3.38748
3.39092
3.39788
3.40413
3.41271
3.42046
3.42402
3.42402
3.4212
3.41616
3.40886
3.4
3.39002
3.37938
3.3679
3.35537
3.34134
3.32543
3.30714
3.28645
3.26326
3.2382
3.21192
3.18538
3.15905
3.13363
3.10828
3.08368
3.05722
3.02988
3.00003
2.96798
2.93292
2.89408
2.85186
2.80641
2.75861
2.70856
2.65664
2.60288
2.54741
2.49019
2.43096
2.36937
2.30498
2.23738
2.16613
2.09081
2.01092
1.92548
1.83363
1.73297
1.62039
1.49047
1.33529
1.13657
0.878388
0.490174
0.13068
5.92138
5.94367
5.96425
5.98148
5.99751
6.01246
6.02438
6.03189
6.03465
6.03336
6.02918
6.02281
6.01518
6.00613
5.99948
5.99148
5.98477
5.97404
5.9641
5.94838
5.92819
5.90598
5.88231
5.85759
5.83249
5.80764
5.78307
5.75793
5.73083
5.70013
5.66409
5.62159
5.57196
5.5156
5.45345
5.3871
5.31835
5.24838
5.17856
5.10882
5.03948
4.96946
4.89778
4.82437
4.74586
4.66365
4.57399
4.48075
4.38095
4.2758
4.16572
4.05209
3.93506
3.81531
3.69286
3.56794
3.44022
3.30949
3.17536
3.03751
2.89577
2.75004
2.60042
2.4467
2.28907
2.12609
1.95649
1.7773
1.584
1.37007
1.12354
0.83588
0.482179
0.129743
5.07622
5.09099
5.10885
5.12357
5.1357
5.14732
5.15773
5.16646
5.173
5.17827
5.18243
5.18618
5.18934
5.19358
5.19308
5.19056
5.18146
5.17121
5.15464
5.13814
5.12246
5.10793
5.09617
5.08817
5.08423
5.08304
5.08265
5.08037
5.07349
5.05951
5.03686
5.00506
4.96508
4.91878
4.86898
4.81791
4.76809
4.72014
4.67492
4.63119
4.58838
4.54408
4.49779
4.44599
4.3891
4.32536
4.25598
4.18007
4.09913
4.01401
3.92476
3.8325
3.73733
3.63986
3.53961
3.43636
3.3294
3.21812
3.1019
2.98033
2.85328
2.72062
2.58288
2.44005
2.29132
2.13619
1.97268
1.79795
1.60783
1.39641
1.15463
0.874253
0.534715
0.166461
6.02198
6.04139
6.05722
6.06472
6.06659
6.06673
6.06552
6.06391
6.06246
6.06269
6.06468
6.06758
6.07084
6.07127
6.07033
6.06501
6.05719
6.04506
6.03155
6.01829
6.00705
5.99914
5.99425
5.99071
5.98629
5.97845
5.96462
5.94276
5.9112
5.86947
5.81789
5.75787
5.69164
5.62166
5.55078
5.48061
5.41287
5.34707
5.28321
5.21891
5.15305
5.08321
5.00789
4.92694
4.83767
4.74208
4.6382
4.53073
4.41783
4.30143
4.1823
4.06167
3.93937
3.81554
3.68953
3.56082
3.42845
3.29186
3.15048
3.00434
2.85334
2.69879
2.54061
2.37904
2.21426
2.04517
1.87031
1.687
1.49129
1.27777
1.03873
0.767173
0.446392
0.123439
6.15876
6.16541
6.16892
6.16425
6.15547
6.14835
6.1437
6.14232
6.14399
6.14941
6.15742
6.1668
6.1757
6.18131
6.18034
6.17378
6.16238
6.15092
6.13894
6.13203
6.12992
6.13079
6.13209
6.13144
6.1258
6.11282
6.09019
6.05709
6.01334
5.96011
5.8992
5.83292
5.76405
5.69458
5.62688
5.56147
5.49908
5.43832
5.3783
5.3163
5.25102
5.17969
5.10214
5.01593
4.9224
4.82099
4.71404
4.60205
4.48665
4.36924
4.25011
4.12978
4.00771
3.88355
3.75614
3.62452
3.48764
3.34474
3.1956
3.04023
2.87995
2.71482
2.54606
2.37422
2.19885
2.01989
1.83591
1.64433
1.44159
1.22297
0.982271
0.714505
0.407448
0.109565
6.73418
6.73714
6.73632
6.72682
6.71375
6.70337
6.69619
6.69244
6.69134
6.69332
6.69683
6.70103
6.70359
6.70352
6.70103
6.69565
6.68789
6.67837
6.66891
6.66056
6.65221
6.6434
6.63122
6.61417
6.58934
6.55601
6.51275
6.46018
6.39869
6.33017
6.25646
6.17974
6.10228
6.02545
5.95076
5.87777
5.80652
5.7347
5.66129
5.58329
5.49983
5.40896
5.31046
5.20527
5.09202
4.97388
4.8499
4.72432
4.59702
4.46924
4.34092
4.21218
4.08209
3.94979
3.81391
3.67327
3.52671
3.37363
3.21433
3.04946
2.87941
2.70581
2.5294
2.35039
2.16957
1.98625
1.79894
1.60505
1.40115
1.18304
0.945559
0.684866
0.390576
0.107788
7.19495
7.1966
7.19855
7.19545
7.19075
7.18988
7.19046
7.1919
7.19128
7.1895
7.18404
7.17551
7.1611
7.14352
7.1213
7.09891
7.07539
7.0557
7.03632
7.01804
6.99721
6.97269
6.94144
6.90371
6.85801
6.80523
6.74489
6.6784
6.60655
6.53117
6.45384
6.37602
6.29908
6.22319
6.14876
6.07433
5.99925
5.92086
5.83816
5.74871
5.65219
5.54744
5.43576
5.31656
5.19215
5.06298
4.93173
4.79887
4.66639
4.53462
4.40284
4.27047
4.13624
3.99896
3.85701
3.70919
3.55426
3.39274
3.22446
3.05032
2.8719
2.69015
2.50626
2.32142
2.13556
1.94839
1.75825
1.56256
1.35817
1.14126
0.90756
0.653784
0.371017
0.101947
7.69838
7.69685
7.69618
7.69046
7.68246
7.67773
7.67277
7.6671
7.65739
7.64588
7.63084
7.61366
7.59398
7.57018
7.54723
7.5218
7.49757
7.47018
7.4416
7.40912
7.37049
7.3265
7.27528
7.2181
7.15407
7.08487
7.01045
6.93265
6.85231
6.77091
6.68953
6.60862
6.52876
6.44896
6.36903
6.28675
6.20135
6.11018
6.01272
5.90703
5.79358
5.67218
5.54418
5.41163
5.27439
5.13573
4.99533
4.85669
4.7192
4.58306
4.44738
4.3111
4.17261
4.03028
3.88258
3.72801
3.56656
3.39747
3.22186
3.04094
2.85563
2.6679
2.47921
2.29015
2.10139
1.91197
1.72034
1.52395
1.31983
1.10451
0.87446
0.626614
0.35437
0.095518
8.1283
8.12707
8.12778
8.11933
8.10835
8.09535
8.08142
8.06189
8.03903
8.01169
7.98316
7.9527
7.92242
7.89393
7.8639
7.83611
7.80539
7.77714
7.73937
7.6994
7.65353
7.60104
7.54088
7.47481
7.40319
7.32736
7.2478
7.16552
7.08136
6.99587
6.90988
6.823
6.73564
6.64643
6.55525
6.45998
6.36019
6.25375
6.14058
6.01939
5.89114
5.75596
5.61601
5.47198
5.32627
5.17947
5.03394
4.89001
4.74852
4.60911
4.47037
4.33086
4.18868
4.042
3.88948
3.7301
3.56262
3.38787
3.20657
3.01977
2.82967
2.63789
2.44581
2.2547
2.06428
1.8741
1.68238
1.48655
1.28377
1.07077
0.844846
0.602751
0.340718
0.0896613
8.49251
8.49074
8.48803
8.47265
8.45157
8.42594
8.39718
8.36147
8.32211
8.27894
8.23538
8.1906
8.14764
8.10491
8.06679
8.02961
7.9953
7.95915
7.92281
7.88264
7.83754
7.78784
7.7331
7.67334
7.60881
7.53963
7.46632
7.38838
7.3065
7.21997
7.12969
7.03477
6.93617
6.83275
6.72525
6.61217
6.49402
6.3692
6.2384
6.10071
5.95744
5.80906
5.65741
5.50453
5.35047
5.19785
5.04644
4.89854
4.75381
4.61161
4.47036
4.32834
4.18327
4.03409
3.87858
3.71533
3.54429
3.36529
3.17955
2.98909
2.79552
2.60102
2.40718
2.21475
2.0243
1.83458
1.64387
1.44952
1.2488
1.03861
0.817016
0.580419
0.328199
0.0835703
8.80634
8.80047
8.79253
8.77119
8.74402
8.71237
8.67795
8.63731
8.59405
8.5481
8.50325
8.4584
8.41493
8.37354
8.32953
8.28682
8.24132
8.19812
8.14857
8.10006
8.05112
7.99925
7.9444
7.88585
7.82401
7.75725
7.68555
7.60718
7.52245
7.42996
7.33062
7.22358
7.11029
6.99014
6.8646
6.73286
6.59604
6.45319
6.30536
6.15209
5.9948
5.83418
5.67222
5.50988
5.34885
5.18951
5.03369
4.88152
4.73382
4.58948
4.44678
4.30335
4.15802
4.00778
3.85118
3.68684
3.51335
3.3317
3.14338
2.95012
2.75455
2.55852
2.36383
2.1718
1.98203
1.79378
1.60496
1.41275
1.21457
1.00744
0.790278
0.558969
0.316248
0.0774336
9.14479
9.13324
9.11872
9.09129
9.05886
9.02395
8.98736
8.94615
8.90296
8.85794
8.81321
8.76753
8.72193
8.67528
8.62877
8.58011
8.53007
8.47691
8.4221
8.36463
8.30537
8.24453
8.18238
8.11739
8.04938
7.97642
7.89806
7.81191
7.71792
7.61433
7.50214
7.38055
7.2514
7.1144
6.97147
6.8222
6.66808
6.50849
6.34473
6.17661
6.00565
5.83273
5.65976
5.48851
5.31931
5.15392
4.99266
4.83718
4.68737
4.54222
4.39962
4.25799
4.11388
3.9656
3.8105
3.6461
3.47239
3.28958
3.09948
2.90479
2.70781
2.51117
2.31685
2.12569
1.93814
1.75237
1.56627
1.37685
1.18168
0.977867
0.765216
0.538947
0.305414
0.0714723
9.54911
9.53168
9.51114
9.47876
9.4429
9.40609
9.36863
9.32728
9.28384
9.2378
9.19034
9.13956
9.08563
9.02798
8.96549
8.90039
8.83248
8.76413
8.6932
8.62337
8.55438
8.48415
8.41279
8.33884
8.26209
8.17979
8.09116
7.99351
7.88672
7.76908
7.64174
7.50423
7.35867
7.20513
7.04571
6.88024
6.71022
6.53528
6.35662
6.17433
5.98989
5.80455
5.62033
5.43896
5.26173
5.08948
4.92381
4.76544
4.6149
4.47116
4.33192
4.19378
4.05471
3.91074
3.75871
3.5968
3.42364
3.24039
3.04938
2.85349
2.6561
2.4598
2.26661
2.07791
1.89288
1.71034
1.5276
1.34144
1.14964
0.949329
0.741312
0.519963
0.29554
0.0657933
10.0128
9.98737
9.95641
9.91572
9.87075
9.82724
9.78179
9.73392
9.68239
9.62875
9.57123
9.50964
9.44236
9.3698
9.29207
9.21027
9.12576
9.03984
8.95331
8.86787
8.78405
8.70077
8.61793
8.53345
8.44644
8.35378
8.25423
8.14473
8.02494
7.89319
7.75073
7.59743
7.43564
7.26585
7.09027
6.90904
6.72359
6.53365
6.34034
6.14383
5.94568
5.7473
5.55124
5.35953
5.17385
4.99548
4.82606
4.66646
4.51792
4.37844
4.2451
4.11515
3.98333
3.84604
3.6994
3.54041
3.36868
3.18534
2.99353
2.79722
2.59989
2.40471
2.21374
2.02782
1.84691
1.66846
1.48973
1.30733
1.11921
0.922559
0.71917
0.502452
0.286916
0.0601865
10.537
10.4986
10.4536
10.3983
10.3385
10.2796
10.218
10.1532
10.0842
10.0126
9.93682
9.85678
9.77102
9.68047
9.58531
9.48695
9.38657
9.28602
9.18558
9.08677
8.9904
8.89554
8.80174
8.70647
8.60851
8.50452
8.39302
8.27094
8.13772
7.99176
7.83428
7.66543
7.48765
7.30178
7.11012
6.91302
6.71188
6.5065
6.29785
6.08629
5.87333
5.66105
5.45203
5.24964
5.05558
4.87206
4.70013
4.54216
4.39804
4.26632
4.1435
4.02384
3.90302
3.7747
3.63423
3.47901
3.3085
3.125
2.93268
2.73605
2.53963
2.34642
2.15849
1.97687
1.80015
1.62645
1.4523
1.27403
1.08988
0.896956
0.698218
0.485891
0.279219
0.0545799
11.0946
11.0365
10.9707
10.8945
10.813
10.7316
10.6462
10.5571
10.4634
10.3676
10.2682
10.1658
10.0592
9.94942
9.83661
9.72214
9.60689
9.49253
9.37941
9.26912
9.16189
9.05641
8.95193
8.8459
8.73685
8.62145
8.49801
8.36347
8.21717
8.05772
7.88629
7.70326
7.51102
7.31061
7.10424
6.89233
6.67609
6.45531
6.23083
6.00318
5.77426
5.54653
5.32396
5.10998
4.90815
4.72017
4.54874
4.39449
4.25883
4.13892
4.02952
3.92497
3.81682
3.69861
3.565
3.41319
3.24368
3.05986
2.86697
2.67066
2.47559
2.28516
2.10129
1.9243
1.75351
1.58535
1.41634
1.24253
1.06248
0.873271
0.679056
0.470676
0.272623
0.0487111
11.6663
11.5786
11.4851
11.3794
11.2709
11.1611
11.0497
10.9338
10.8162
10.6968
10.5767
10.4545
10.3304
10.204
10.0758
9.94597
9.81528
9.68557
9.55669
9.43036
9.30717
9.18664
9.06776
8.94792
8.82542
8.69706
8.56093
8.41414
8.25581
8.08467
7.90171
7.70736
7.50378
7.29193
7.07361
6.84907
6.61905
6.38326
6.14244
5.89752
5.65096
5.40652
5.1688
4.94343
4.73381
4.54289
4.37357
4.22742
4.10378
3.99963
3.90833
3.82045
3.72724
3.61977
3.4926
3.34366
3.17473
2.99028
2.79698
2.60116
2.4083
2.22163
2.04272
1.87193
1.70695
1.54491
1.38143
1.2123
1.03649
0.850911
0.661072
0.456248
0.266761
0.0425147
12.2387
12.1134
11.9829
11.8425
11.7018
11.5621
11.4229
11.2818
11.1413
11.0013
10.8621
10.7215
10.5791
10.4338
10.2861
10.1371
9.98788
9.83992
9.69348
9.55083
9.41173
9.27483
9.13949
9.00394
8.86662
8.7246
8.57588
8.41774
8.24925
8.06921
7.87832
7.67687
7.46642
7.24744
7.02099
6.78668
6.54457
6.29424
6.03639
5.77272
5.50685
5.24373
4.99057
4.75257
4.53511
4.34313
4.17854
4.04307
3.93668
3.85286
3.7824
3.71425
3.63618
3.53922
3.41791
3.2711
3.1017
2.91632
2.7227
2.52814
2.33823
2.15621
1.98334
1.81915
1.66168
1.50635
1.34872
1.18436
1.01268
0.830532
0.644817
0.442987
0.261797
0.0357783
12.8144
12.6468
12.4761
12.2982
12.1236
11.9522
11.7844
11.6169
11.4527
11.2905
11.1305
10.9694
10.8068
10.6408
10.4713
10.2994
10.126
9.95488
9.78519
9.61993
9.45932
9.30322
9.1506
8.99968
8.84882
8.69541
8.53733
8.37206
8.19833
8.01485
7.82182
7.61895
7.40697
7.18548
6.95437
6.71243
6.45901
6.19346
5.9171
5.63251
5.34502
5.0621
4.79077
4.53958
4.31561
4.12267
3.96677
3.84731
3.76128
3.70141
3.655
3.60732
3.54498
3.45777
3.34103
3.19489
3.02489
2.83838
2.64486
2.45207
2.26617
2.08995
1.92414
1.76789
1.61759
1.46928
1.31763
1.15799
0.990411
0.811441
0.629618
0.430286
0.257394
0.02848
13.4246
13.2159
13.0012
12.7854
12.5719
12.3654
12.1609
11.96
11.762
11.5687
11.3771
11.1861
10.9927
10.7954
10.5942
10.391
10.1884
9.98948
9.79395
9.60529
9.4237
9.24905
9.08083
8.91788
8.75848
8.59997
8.43989
8.27542
8.10482
7.92635
7.73924
7.54236
7.33506
7.11561
6.8827
6.63404
6.36859
6.08593
5.78821
5.4801
5.16831
4.86224
4.57188
4.30684
4.07513
3.88621
3.74093
3.64069
3.58108
3.54889
3.52824
3.50195
3.4545
3.37567
3.2621
3.11583
2.94381
2.75629
2.56347
2.37364
2.19279
2.02336
1.86558
1.71758
1.57583
1.43477
1.28908
1.13399
0.970224
0.794138
0.615939
0.418562
0.25377
0.0205083
14.0827
13.8324
13.5747
13.3166
13.0595
12.8082
12.5572
12.3096
12.0646
11.8256
11.5888
11.3543
11.1187
10.8816
10.6425
10.4034
10.1659
9.93496
9.70982
9.49496
9.29081
9.09857
8.91811
8.74851
8.58782
8.43293
8.28076
8.12792
7.9717
7.8092
7.63822
7.45594
7.2597
7.04657
6.81326
6.55754
6.27733
5.97463
5.65186
5.31633
4.97764
4.64608
4.33453
4.05486
3.81951
3.63377
3.50605
3.43048
3.39896
3.39705
3.40388
3.3989
3.36496
3.29266
3.18044
3.03239
2.85906
2.67085
2.47962
2.29364
2.11906
1.95762
1.80872
1.6699
1.53603
1.4022
1.26231
1.11153
0.951392
0.777884
0.603096
0.407207
0.25063
0.0118865
14.7582
14.4646
14.1612
13.8585
13.5539
13.253
12.9481
12.6465
12.3461
12.0538
11.7638
11.4784
11.1916
10.9038
10.6152
10.3298
10.0506
9.78267
9.52508
9.28285
9.05688
8.84884
8.65954
8.48859
8.33396
8.19221
8.05944
7.93107
7.80267
7.6694
7.52632
7.368
7.18972
6.98571
6.75275
6.48704
6.18955
5.86146
5.51036
5.14362
4.77387
4.41521
4.08164
3.78807
3.54721
3.37254
3.26158
3.21399
3.21728
3.24819
3.28295
3.29817
3.27644
3.20875
3.09635
2.94609
2.77022
2.58205
2.39354
2.21289
2.04574
1.8931
1.75375
1.62416
1.49906
1.37231
1.23792
1.09114
0.934312
0.76314
0.591574
0.396746
0.248273
0.00261859
15.4222
15.0711
14.7173
14.3584
14.0027
13.642
13.2814
12.9181
12.562
12.2104
11.8667
11.5256
11.1859
10.8469
10.5083
10.1762
9.85274
9.54525
9.25125
8.97747
8.72599
8.50039
8.30275
8.13346
7.99102
7.87167
7.7705
7.68117
7.59636
7.50751
7.40592
7.28229
7.12808
6.93693
6.70377
6.42604
6.10615
5.7501
5.3648
4.96478
4.56249
4.17391
3.81667
3.50864
3.2675
3.09813
3.01362
2.99907
3.03657
3.10191
3.16497
3.19992
3.18774
3.12262
3.00861
2.85514
2.67843
2.49118
2.30665
2.13239
1.9738
1.83087
1.70158
1.58157
1.46426
1.34429
1.21509
1.07197
0.918265
0.749186
0.580721
0.386583
0.24642
-0.00723284
16.0617
15.6471
15.2311
14.8122
14.3987
13.9786
13.5585
13.1342
12.7181
12.3062
11.9042
11.5065
11.1139
10.7225
10.3355
9.95549
9.58682
9.2351
8.90079
8.59048
8.30814
8.05967
7.85011
7.68219
7.55581
7.46744
7.41085
7.3766
7.35266
7.32519
7.27913
7.2005
7.07741
6.9004
6.66443
6.37264
6.02892
5.64115
5.22334
4.7859
4.34824
3.92866
3.54583
3.22273
2.97574
2.82625
2.76248
2.78175
2.85956
2.95985
3.0501
3.10208
3.09854
3.03437
2.9179
2.76156
2.58343
2.39847
2.21936
2.053
1.90385
1.77106
1.65204
1.54131
1.43223
1.31865
1.19424
1.05448
0.903699
0.736593
0.571145
0.377421
0.245489
-0.0175192
16.6394
16.1567
15.6794
15.2016
14.7341
14.2552
13.7785
13.2922
12.8189
12.3457
11.8873
11.4318
10.9806
10.5368
10.0956
9.66902
9.25396
8.861
8.48259
8.12938
7.80794
7.52861
7.30147
7.13339
7.0273
6.98019
6.98348
7.02275
7.07886
7.1294
7.15238
7.12655
7.03423
6.86995
6.63251
6.32448
5.95663
5.54073
5.08698
4.61591
4.14198
3.68574
3.27411
2.93247
2.68577
2.54215
2.51144
2.5697
2.68467
2.82027
2.93688
3.00507
3.00681
2.94217
2.8228
2.66377
2.48687
2.30554
2.13321
1.97561
1.83669
1.71453
1.60582
1.50422
1.40222
1.29464
1.17469
1.03797
0.890016
0.724739
0.562274
0.368701
0.245202
-0.0281547
17.1717
16.6218
16.0662
15.5295
14.9924
14.4587
13.913
13.373
12.833
12.3069
11.7899
11.2803
10.7849
10.2933
9.81734
9.35108
8.89681
8.45304
8.02132
7.60997
7.23227
6.90657
6.65167
6.48154
6.40285
6.41223
6.49608
6.63147
6.78774
6.93231
7.03144
7.05753
6.99809
6.84197
6.59686
6.27869
5.89278
5.45243
4.97159
4.46177
3.94715
3.45121
3.00467
2.64131
2.38741
2.26531
2.26001
2.35638
2.51447
2.6841
2.82469
2.90557
2.91261
2.84677
2.72471
2.56418
2.3887
2.21272
2.04859
1.90095
1.77268
1.66109
1.56249
1.46948
1.37471
1.27273
1.15686
1.02297
0.877787
0.714331
0.554823
0.361245
0.246028
-0.038904
17.5395
16.9275
16.311
15.7227
15.1292
14.542
13.9327
13.3329
12.7252
12.1427
11.5677
11.0245
10.4963
9.99577
9.50001
9.01508
8.52075
8.02722
7.52355
7.03018
6.57112
6.1788
5.88598
5.71628
5.68006
5.77033
5.96341
6.22122
6.49888
6.74732
6.92383
6.99986
6.95635
6.8056
6.56291
6.23385
5.83938
5.38371
4.87444
4.33217
3.77121
3.22592
2.73806
2.34903
2.09339
1.97918
2.0119
2.1504
2.34631
2.54919
2.71209
2.80473
2.81381
2.74643
2.62248
2.46181
2.2908
2.12158
1.96688
1.82971
1.71244
1.6114
1.52263
1.43771
1.349
1.25224
1.14016
1.00889
0.866467
0.704771
0.548196
0.35444
0.247578
-0.0497223
17.7881
17.1088
16.4531
15.8126
15.1867
14.5381
13.8787
13.1999
12.5306
11.8756
11.2588
10.6834
10.1556
9.65266
9.16901
8.67076
8.14617
7.5795
6.98138
6.37359
5.80254
5.32353
4.98939
4.83509
4.87104
5.0797
5.41784
5.8296
6.24303
6.59499
6.83654
6.93966
6.91025
6.75891
6.51096
6.194
5.80525
5.34462
4.81794
4.22901
3.61382
3.01025
2.47194
2.05308
1.78861
1.7014
1.76314
1.94376
2.18275
2.41587
2.59797
2.69883
2.71124
2.64273
2.51817
2.35912
2.1933
2.03258
1.88837
1.76245
1.65605
1.5651
1.48569
1.40809
1.32557
1.23373
1.12512
0.996323
0.856733
0.696834
0.543151
0.349138
0.250333
-0.060319
17.8014
17.0856
16.4185
15.7659
15.1289
14.4365
13.72
12.9491
12.1998
11.4649
10.8147
10.2372
9.73478
9.28589
8.83174
8.34503
7.77257
7.11228
6.36832
5.59848
4.88053
4.30484
3.94516
3.84598
4.00559
4.38657
4.91788
5.50162
6.05008
6.48556
6.76106
6.87017
6.82696
6.67863
6.45474
6.16069
5.79719
5.34631
4.79571
4.16442
3.48024
2.80357
2.20764
1.75432
1.48788
1.41223
1.51903
1.74382
2.01952
2.28133
2.48105
2.58961
2.60305
2.53444
2.4112
2.256
2.09833
1.94724
1.8143
1.69958
1.6039
1.52266
1.45214
1.38122
1.30381
1.2166
1.11121
0.984729
0.848002
0.689853
0.538996
0.344618
0.253769
-0.0707142
17.5859
16.8845
16.2354
15.6328
14.9888
14.2744
13.452
12.5795
11.6998
10.9053
10.2405
9.7258
9.33651
8.99512
8.62362
8.13484
7.46887
6.6205
5.64828
4.64589
3.75017
3.08559
2.75104
2.7751
3.14064
3.7582
4.51043
5.2747
5.92954
6.39902
6.6622
6.73854
6.6864
6.5498
6.36595
6.1432
5.83441
5.40637
4.83717
4.13664
3.37019
2.60575
1.94075
1.44889
1.17479
1.13241
1.27258
1.54182
1.85836
2.14471
2.35966
2.47334
2.49107
2.42402
2.30431
2.15493
2.00618
1.86607
1.74483
1.64147
1.55584
1.4836
1.42135
1.35632
1.28423
1.20146
1.09898
0.974725
0.840959
0.684579
0.536457
0.341696
0.258347
-0.0805859
16.9069
16.271
15.7276
15.2136
14.5894
13.8031
12.8433
11.8099
10.8309
10.0374
9.51046
9.22729
9.10123
8.97514
8.69897
8.1429
7.26066
6.09238
4.77228
3.47437
2.39865
1.70134
1.47509
1.72952
2.37585
3.28
4.2687
5.16803
5.86136
6.29583
6.48513
6.50289
6.43045
6.34813
6.26975
6.14473
5.92089
5.52484
4.92699
4.15659
3.28413
2.41731
1.67828
1.14545
0.869428
0.844008
1.03404
1.34583
1.69596
2.0043
2.23408
2.35293
2.37448
2.3113
2.19781
2.05679
1.91934
1.79071
1.68128
1.58857
1.51237
1.44843
1.39392
1.33396
1.26621
1.18764
1.08778
0.965645
0.834866
0.680216
0.53469
0.339547
0.263402
-0.0900065
16.2869
15.7964
15.3854
14.9239
14.165
13.1321
11.8343
10.572
9.50816
8.89726
8.7237
8.90938
9.19468
9.33521
9.07589
8.32602
7.06031
5.44503
3.7054
2.12069
0.926052
0.303772
0.303405
0.869789
1.85806
3.04626
4.21188
5.17238
5.80954
6.11201
6.16983
6.11125
6.06004
6.07437
6.13967
6.18293
6.06845
5.71174
5.07964
4.20328
3.21878
2.23685
1.42107
0.846808
0.567356
0.579044
0.804035
1.15616
1.5413
1.86536
2.10814
2.23011
2.26001
2.2028
2.09769
1.9664
1.8401
1.72341
1.62516
1.5424
1.47432
1.4176
1.36994
1.31405
1.25091
1.17629
1.07865
0.958504
0.830719
0.677737
0.534606
0.339101
0.269461
-0.0985118
15.9833
15.7927
15.5914
15.0143
13.8951
12.2762
10.4767
8.89866
7.9013
7.6719
8.10552
8.90417
9.65564
9.95335
9.58699
8.44659
6.69468
4.58033
2.46921
0.69102
-0.478487
-0.912248
-0.59793
0.331317
1.64391
3.06335
4.32696
5.23228
5.70818
5.81424
5.70497
5.58291
5.57583
5.75491
6.0284
6.24226
6.24693
5.92226
5.24778
4.27178
3.16179
2.0676
1.18543
0.572941
0.295138
0.327079
0.600328
0.984561
1.39635
1.73145
1.98738
2.11183
2.15025
2.10089
2.00594
1.88593
1.77148
1.66612
1.5779
1.5036
1.44242
1.39188
1.35029
1.29749
1.238
1.16693
1.07112
0.952838
0.82793
0.676515
0.535496
0.339682
0.275899
-0.106138
16.1368
16.4904
16.46
15.5532
13.6885
11.2194
8.78488
7.01116
6.33903
6.76019
7.97312
9.40539
10.4597
10.7255
9.96841
8.31777
5.998
3.44136
1.0703
-0.739679
-1.74759
-1.85704
-1.16341
0.133112
1.73193
3.2939
4.53998
5.29573
5.5291
5.37523
5.09278
4.93951
5.03707
5.41796
5.91612
6.34723
6.46878
6.16587
5.43959
4.3345
3.10941
1.89953
0.959245
0.31177
0.0369581
0.104918
0.411745
0.823675
1.26303
1.60272
1.8711
1.99652
2.04793
2.0077
1.92393
1.81561
1.7116
1.61735
1.53782
1.47095
1.41517
1.36982
1.33329
1.2827
1.22732
1.15958
1.06526
0.948799
0.826759
0.676915
0.537819
0.341833
0.283104
-0.112609
16.6437
17.64
17.6038
15.9493
12.9704
9.50855
6.62118
5.09111
5.15079
6.53627
8.57665
10.4725
11.5618
11.4371
10.1122
7.78303
4.94962
2.05871
-0.400663
-2.07985
-2.78139
-2.50348
-1.40119
0.239476
2.05395
3.66262
4.7971
5.29689
5.22179
4.80563
4.36366
4.22811
4.45841
5.10466
5.85758
6.4758
6.70441
6.40153
5.62472
4.39726
3.05234
1.73733
0.754383
0.0748992
-0.194826
-0.106181
0.246441
0.676798
1.13821
1.47809
1.76106
1.88672
1.95179
1.92188
1.85023
1.75449
1.6608
1.57686
1.50449
1.44369
1.3922
1.35117
1.31907
1.26986
1.21778
1.15299
1.05991
0.945283
0.826052
0.67787
0.540491
0.344591
0.290291
-0.118168
17.9995
19.415
18.7547
15.7093
11.244
6.89261
4.058
3.36685
4.67727
7.20704
9.95931
12.0088
12.7393
11.9671
9.84878
6.90549
3.61999
0.564967
-1.83111
-3.25143
-3.56867
-2.84415
-1.35458
0.579306
2.52826
4.08866
5.01235
5.20085
4.79119
4.10407
3.54219
3.4871
3.89961
4.83043
5.8238
6.65401
6.96793
6.64797
5.81367
4.44141
2.99419
1.57258
0.560083
-0.150842
-0.413143
-0.293127
0.0933402
0.538021
1.0238
1.35874
1.65681
1.78189
1.86443
1.84538
1.78599
1.7026
1.61717
1.5432
1.47653
1.4209
1.37232
1.33494
1.3063
1.25784
1.20973
1.14771
1.05565
0.942865
0.826455
0.680029
0.544252
0.348665
0.298099
-0.122408
20.1526
21.4114
19.3316
14.2291
8.13451
3.38036
1.36676
2.24105
5.10617
8.72914
11.8943
13.6969
13.763
12.1076
9.23262
5.69747
2.17861
-0.876006
-3.07133
-4.15164
-4.06062
-2.91905
-1.08885
1.06693
3.06694
4.49238
5.14954
4.96828
4.2169
3.31904
2.68019
2.7665
3.36748
4.62502
5.85727
6.84681
7.22762
6.865
5.98526
4.47633
2.92752
1.41272
0.386601
-0.354036
-0.609413
-0.471201
-0.0407517
0.40969
0.917573
1.2436
1.56012
1.68382
1.78417
1.77642
1.72943
1.65867
1.58075
1.51604
1.45344
1.40191
1.35537
1.32103
1.29538
1.24713
1.20229
1.14271
1.05154
0.940713
0.827105
0.682612
0.548292
0.353337
0.305924
-0.125491
23.3072
23.5371
19.0599
11.2753
3.74659
-0.661308
-1.00144
1.91427
6.44317
10.8905
14.0523
15.231
14.3873
11.8263
8.23404
4.35918
0.752343
-2.13836
-4.0547
-4.76891
-4.29015
-2.75799
-0.682772
1.61801
3.58294
4.81109
5.15567
4.60624
3.54256
2.47244
1.81044
2.10044
2.90866
4.48383
5.91689
7.07143
7.49599
7.0694
6.14691
4.48931
2.85809
1.25088
0.222837
-0.546139
-0.793823
-0.63094
-0.163973
0.286882
0.820539
1.13398
1.47006
1.59202
1.71291
1.71626
1.68111
1.62244
1.54952
1.49377
1.43387
1.38572
1.34006
1.30835
1.28493
1.23649
1.1958
1.13861
1.04827
0.939485
0.828724
0.686312
0.553416
0.359333
0.314469
-0.126986
27.0885
25.4773
17.7512
6.9972
-1.48074
-4.64873
-2.61603
2.58757
8.4987
13.293
16.0455
16.3056
14.514
11.0899
7.03028
2.96188
-0.4983
-3.1104
-4.71338
-5.07673
-4.27471
-2.43061
-0.203635
2.15582
4.01162
4.99446
5.02408
4.10773
2.77595
1.62752
0.983832
1.52356
2.51052
4.41992
6.02657
7.29023
7.74196
7.22972
6.28647
4.4895
2.78043
1.0945
0.0784485
-0.717546
-0.959939
-0.784886
-0.27302
0.172511
0.731432
1.02883
1.38825
1.50733
1.64865
1.66311
1.63936
1.5925
1.52347
1.47625
1.41733
1.37186
1.32635
1.29693
1.2754
1.22655
1.18949
1.13441
1.04493
0.938386
0.830493
0.690485
0.558868
0.366014
0.323176
-0.127104
31.076
27.2032
15.7918
2.09297
-6.71335
-7.92206
-3.2096
4.08888
10.962
15.6012
17.6003
16.7945
14.1183
10.0232
5.70638
1.6942
-1.50881
-3.77075
-5.07969
-5.13441
-4.07675
-1.98155
0.273466
2.61993
4.29857
5.01587
4.73752
3.50707
1.97326
0.811235
0.226977
1.05321
2.20149
4.41058
6.14641
7.51258
7.9748
7.36195
6.40847
4.47088
2.70017
0.938832
-0.0562993
-0.877881
-1.11509
-0.924404
-0.373395
0.0621821
0.650806
0.929316
1.31336
1.42931
1.59306
1.618
1.60453
1.56864
1.50077
1.46191
1.40283
1.35947
1.31311
1.2859
1.26559
1.21633
1.18384
1.13093
1.04238
0.938178
0.833237
0.695757
0.565462
0.374029
0.332713
-0.125448
34.202
28.2924
13.4644
-2.51631
-10.9796
-9.9191
-2.6668
6.20926
13.4255
17.4204
18.5269
16.6385
13.3136
8.73679
4.45422
0.620275
-2.20752
-4.10266
-5.16919
-4.97596
-3.7477
-1.48019
0.697019
2.96226
4.41648
4.86754
4.32016
2.81876
1.15225
0.074802
-0.431361
0.699692
1.95169
4.45549
6.29236
7.70491
8.17152
7.4453
6.51093
4.44254
2.61276
0.789688
-0.173596
-1.01964
-1.25546
-1.06028
-0.464342
-0.0398421
0.578583
0.833348
1.24679
1.35771
1.54379
1.57884
1.57487
1.54917
1.48108
1.45067
1.39012
1.34826
1.30067
1.2755
1.25634
1.20663
1.17824
1.12732
1.03983
0.938201
0.836215
0.701544
0.572535
0.382817
0.342547
-0.122264
35.8741
28.3879
11.0345
-6.03565
-13.6263
-10.375
-1.17955
8.53006
15.5665
18.5716
18.8063
15.9271
12.2483
7.42046
3.3739
-0.183724
-2.60196
-4.15531
-5.05373
-4.67861
-3.3421
-0.977398
1.02217
3.15079
4.35042
4.55737
3.78013
2.09057
0.366333
-0.559606
-0.982057
0.467576
1.77158
4.5295
6.43064
7.87201
8.34222
7.4902
6.6
4.4013
2.52282
0.642852
-0.28073
-1.1496
-1.38625
-1.18369
-0.551946
-0.135795
0.51311
0.744361
1.18639
1.29298
1.50218
1.5465
1.55077
1.53369
1.46315
1.44102
1.37836
1.33755
1.28804
1.26504
1.24665
1.19662
1.17331
1.12445
1.03818
0.939207
0.840263
0.708449
0.580853
0.392929
0.353294
-0.11721
36.105
27.3833
8.68286
-8.17697
-14.3792
-9.43054
0.904965
10.661
17.0831
18.9482
18.4821
14.8225
11.0957
6.20954
2.56369
-0.698297
-2.71255
-3.97655
-4.78414
-4.28926
-2.91492
-0.513161
1.20867
3.1686
4.10441
4.10879
3.16352
1.34836
-0.364094
-1.07547
-1.41401
0.330806
1.63997
4.62824
6.57104
7.99614
8.4746
7.49904
6.67113
4.35451
2.42821
0.506609
-0.377412
-1.26483
-1.50664
-1.301
-0.633974
-0.223525
0.457671
0.657835
1.13474
1.23349
1.46571
1.51856
1.53022
1.52044
1.4465
1.43336
1.36736
1.32725
1.27554
1.25506
1.23726
1.18735
1.16857
1.12152
1.03672
0.94061
0.844717
0.716032
0.589802
0.403874
0.364466
-0.110593
35.6662
25.7577
6.68952
-8.9452
-13.4654
-7.50937
3.10902
12.2167
17.8977
18.5671
17.7755
13.4787
10.0686
5.21148
2.08896
-0.920803
-2.58381
-3.63054
-4.42588
-3.86433
-2.50937
-0.164421
1.27292
3.00889
3.70182
3.54481
2.49523
0.635855
-1.00408
-1.44904
-1.74645
0.304333
1.53019
4.72671
6.69219
8.07412
8.57885
7.46046
6.7431
4.30168
2.33228
0.37349
-0.459862
-1.36766
-1.62008
-1.40986
-0.713335
-0.305232
0.400944
0.58485
1.08628
1.18297
1.43496
1.49545
1.51339
1.50934
1.43195
1.42622
1.35643
1.31683
1.26268
1.2449
1.22768
1.17803
1.16449
1.11943
1.03632
0.943119
0.850295
0.724656
0.599991
0.416057
0.37659
-0.102136
34.6022
23.9548
5.54506
-8.48068
-11.6285
-5.28584
4.96423
13.0669
17.9466
17.7164
16.7518
12.2134
9.18304
4.55531
1.88394
-0.914186
-2.27163
-3.17472
-4.02982
-3.45283
-2.17319
0.0625887
1.17524
2.68101
3.16047
2.90024
1.81974
-0.0162654
-1.53847
-1.72672
-1.94583
0.300508
1.49992
4.81755
6.79335
8.11991
8.64493
7.42837
6.76593
4.24325
2.2343
0.262775
-0.553527
-1.45918
-1.72482
-1.50898
-0.788416
-0.380369
0.349227
0.518391
1.04429
1.13839
1.40765
1.47536
1.49866
1.49917
1.41888
1.41912
1.34562
1.30627
1.24963
1.23526
1.21772
1.16981
1.16052
1.11754
1.03637
0.946204
0.856365
0.733914
0.61092
0.429074
0.389248
-0.0921573
33.0298
22.5058
5.57081
-7.05332
-9.24895
-3.20905
6.19422
13.166
17.4204
16.5569
15.6992
11.1282
8.59111
4.21703
1.94914
-0.699288
-1.83493
-2.66746
-3.63972
-3.10905
-1.94595
0.111911
0.944083
2.20671
2.52449
2.21129
1.16693
-0.581391
-1.95419
-1.90029
-2.05575
0.346888
1.4978
4.88865
6.86804
8.13804
8.68102
7.3773
6.76795
4.1768
2.13322
0.155012
-0.645008
-1.54486
-1.82291
-1.60147
-0.860945
-0.449649
0.294928
0.465701
1.00525
1.1032
1.38387
1.45836
1.48598
1.48976
1.40811
1.41094
1.3344
1.29536
1.237
1.22555
1.20814
1.16236
1.15713
1.11654
1.03758
0.950399
0.863557
0.744119
0.623057
0.443135
0.402745
-0.0804737
29.4171
20.9805
6.80005
-4.27048
-6.34189
-1.30959
6.86707
12.74
16.4679
15.3836
14.6703
10.3824
8.21915
4.19592
2.17721
-0.354996
-1.28691
-2.17052
-3.27907
-2.85552
-1.85566
-0.0286847
0.583637
1.61694
1.82739
1.51287
0.565468
-1.04003
-2.24321
-2.01467
-2.04922
0.376119
1.56872
4.93335
6.9067
8.14205
8.67169
7.34731
6.70119
4.09885
2.0318
0.0668026
-0.750015
-1.62402
-1.90862
-1.68458
-0.930073
-0.512818
0.237166
0.427193
0.968587
1.07759
1.36371
1.44419
1.47518
1.48132
1.39979
1.40187
1.32339
1.28413
1.2249
1.21566
1.19853
1.15582
1.15357
1.11573
1.03924
0.95513
0.871197
0.75486
0.635891
0.457945
0.416778
-0.0673841
)
;

boundaryField
{
    inlet
    {
        type            freestreamPressure;
        freestreamValue uniform 0;
        value           nonuniform List<scalar> 
230
(
-1.68743
-1.68721
-1.68048
-1.66995
-1.65864
-1.64764
-1.6369
-1.62685
-1.61805
-1.6098
-1.60482
-1.6018
-1.60186
-1.6057
-1.6104
-1.61655
-1.62266
-1.63455
-1.64453
-1.65375
-1.66254
-1.67045
-1.67546
-1.67668
-1.67303
-1.66451
-1.65104
-1.63339
-1.61224
-1.58889
-1.56418
-1.53932
-1.51474
-1.49113
-1.46851
-1.44716
-1.42675
-1.40722
-1.38791
-1.36862
-1.34856
-1.32829
-1.30778
-1.28667
-1.2647
-1.24112
-1.2166
-1.19034
-1.16228
-1.13262
-1.10136
-1.06887
-1.03515
-1.00051
-0.96494
-0.928749
-0.891929
-0.854757
-0.817229
-0.779571
-0.741805
-0.704114
-0.666568
-0.629311
-0.592466
-0.556038
-0.520167
-0.484898
-0.450042
-0.415452
-0.379061
-0.340642
-0.271853
-0.174254
0.214311
-0.495322
-1.06729
-1.51212
-1.84764
-2.09493
-2.27262
-2.39578
-2.4765
-2.52438
-2.54706
-2.55038
-2.53906
-2.5164
-2.48528
-2.44732
-2.40434
-2.35696
-2.30667
-2.25376
-2.1997
-2.14472
-2.08939
-2.03284
-1.97807
-1.92493
-1.87587
-1.83121
-1.79218
-1.75953
-1.73479
-1.71553
-1.70219
-1.69184
-1.68979
-1.68842
-1.68848
-1.68955
-1.69084
-1.69113
-1.68909
1.02289
1.77255
2.40336
2.90592
3.29435
3.59053
3.81515
3.98519
4.11405
4.21149
4.28517
4.34062
4.38214
4.41279
4.43483
4.44984
4.459
4.46315
4.463
4.45914
4.45232
4.44291
4.43057
4.41487
4.3965
4.37577
4.35346
4.32969
4.30527
4.28056
4.25637
4.23305
4.21117
4.19101
4.17376
4.15801
4.14461
4.13374
4.12555
4.11972
4.11588
4.11998
4.12749
4.12625
4.12179
4.11772
4.11298
4.10658
4.09796
4.08785
4.07642
4.06424
4.05141
4.03875
4.02557
4.01473
4.00347
3.9939
3.98329
3.97596
3.96698
3.95708
3.9472
3.93667
3.92443
3.91
3.89347
3.87497
3.85474
3.83294
3.80987
3.78577
3.76084
3.73522
3.70907
3.68238
3.65524
3.62753
3.59921
3.57026
3.5404
3.50983
3.47833
3.44573
3.4128
3.37809
3.3423
3.30383
3.2647
3.22257
3.17767
3.13042
3.08095
3.02924
2.97503
2.91829
2.85888
2.79679
2.73179
2.66379
2.59252
2.5178
2.43941
2.35709
2.27056
2.17937
2.08299
1.98046
1.87056
1.7506
1.61687
1.4593
1.26306
0.952139
0.469583
)
;
    }
    outlet
    {
        type            freestreamPressure;
        freestreamValue uniform 0;
        value           nonuniform List<scalar> 
96
(
-0.000228748
-0.000167929
-0.000114319
-6.8429e-05
-2.7511e-05
8.57486e-06
3.97705e-05
6.53812e-05
8.60605e-05
0.000102097
0.000114621
0.000124176
0.000132804
0.000141708
0.0001553
0.000177357
0.000216399
0.000281879
0.000388804
0.000563618
0.00084604
0.00126984
0.00179636
0.00226802
0.00245594
0.00219636
0.0015146
0.00064437
-7.54592e-05
-0.000438926
-0.000499467
-0.000441786
-0.000388723
-0.000361938
-0.000342737
-0.00032314
-0.000303562
-0.000291025
-0.000276597
-0.000274653
-0.000250081
-0.000268004
-0.000196853
-0.000300837
-5.28355e-05
-0.000531365
0.000518371
-0.00167639
0.00365009
0.00058574
0.000578449
0.000734548
0.000542412
0.000479527
0.000469828
0.000442855
0.000413696
0.000387294
0.000360121
0.000332948
0.000306684
0.000281747
0.000257216
0.000232761
0.000207256
0.000180412
0.000151327
0.0001199
8.56578e-05
4.86908e-05
9.01307e-06
-3.31216e-05
-7.709e-05
-0.000122539
-0.000168476
-0.000214717
-0.000260026
-0.000304487
-0.000346725
-0.000387041
-0.000423459
-0.00045612
-0.00048385
-0.000507683
-0.000525889
-0.000539169
-0.000545681
-0.000546317
-0.000539392
-0.000525934
-0.000504476
-0.000476304
-0.000440219
-0.000397553
-0.000347507
-0.000291332
)
;
    }
    walls
    {
        type            zeroGradient;
    }
    frontAndBack
    {
        type            empty;
    }
}


// ************************************************************************* //
