/*--------------------------------*- C++ -*----------------------------------*\
| =========                 |                                                 |
| \\      /  F ield         | OpenFOAM: The Open Source CFD Toolbox           |
|  \\    /   O peration     | Version:  2312                                  |
|   \\  /    A nd           | Website:  www.openfoam.com                      |
|    \\/     M anipulation  |                                                 |
\*---------------------------------------------------------------------------*/
FoamFile
{
    version     2.0;
    format      ascii;
    arch        "LSB;label=32;scalar=64";
    class       volScalarField;
    location    "250";
    object      p;
}
// * * * * * * * * * * * * * * * * * * * * * * * * * * * * * * * * * * * * * //

dimensions      [0 2 -2 0 0 0 0];

internalField   nonuniform List<scalar> 
11040
(
-408.177
-773.468
-807.632
-718.848
-676.046
-676.324
-676.205
-659.214
-625.436
-580.412
-532.156
-487.672
-451.784
-423.926
-400.619
-379.134
-358.291
-337.572
-316.658
-295.179
-272.922
-250.316
-228.596
-208.916
-190.952
-173.874
-157.454
-141.646
-126.388
-111.596
-97.2363
-83.313
-69.8641
-56.9418
-44.6579
-33.1625
-22.6893
-13.2133
-5.28787
1.8681
5.47745
-213.277
-470.924
-589.391
-624.836
-648.654
-670.409
-677.318
-664.439
-632.424
-588.285
-540.362
-494.679
-456.868
-427.381
-403.023
-380.911
-359.672
-338.69
-317.602
-296.017
-273.716
-251.135
-229.419
-209.669
-191.628
-174.501
-158.045
-142.207
-126.922
-112.108
-97.7271
-83.7824
-70.3097
-57.358
-45.0371
-33.4965
-22.9777
-13.4474
-5.49302
1.81456
4.22273
-102.4
-319.416
-487.934
-570.264
-605.017
-628.98
-646.714
-647.841
-625.724
-586.835
-541.06
-496.114
-458.027
-428.041
-403.435
-381.279
-360.041
-339.043
-317.918
-296.303
-274.006
-251.487
-229.813
-210.02
-191.938
-174.803
-158.344
-142.502
-127.215
-112.4
-98.0185
-84.0717
-70.5941
-57.6327
-45.295
-33.7303
-23.1836
-13.6078
-5.63694
1.93218
4.43322
-41.525
-202.084
-362.957
-470.775
-527.79
-563.117
-588.876
-600.056
-591.152
-564.836
-528.543
-489.651
-454.218
-424.938
-400.543
-378.648
-357.756
-337.162
-316.484
-295.327
-273.457
-251.341
-229.937
-210.211
-192.135
-175.017
-158.574
-142.745
-127.473
-112.675
-98.3118
-84.3808
-70.914
-57.9567
-45.6125
-34.031
-23.4546
-13.8274
-5.81077
2.03575
5.05176
-6.35407
-123.365
-254.745
-367.526
-445.31
-496.465
-531.226
-550.67
-552.266
-536.802
-509.531
-477.029
-445.191
-417.542
-394.057
-372.983
-352.896
-333.07
-313.109
-292.621
-271.37
-249.882
-229.026
-209.606
-191.728
-174.81
-158.544
-142.855
-127.692
-112.982
-98.6864
-84.8077
-71.3795
-58.4479
-46.1139
-34.526
-23.9201
-14.2355
-6.13258
2.00213
5.47659
11.6203
-74.2577
-175.52
-277.302
-361.59
-423.556
-467.64
-496.288
-508.358
-503.762
-486.133
-461.102
-434.09
-408.932
-386.68
-366.433
-347.05
-327.864
-308.515
-288.672
-268.091
-247.351
-227.242
-208.292
-190.695
-174.025
-157.986
-142.495
-127.516
-112.987
-98.8697
-85.161
-71.8867
-59.0841
-46.8431
-35.3054
-24.6951
-14.9516
-6.71738
1.69858
5.48453
20.3401
-44.0944
-119.816
-202.31
-280.619
-346.23
-397.412
-434.538
-456.747
-463.434
-456.545
-440.288
-419.379
-397.764
-377.426
-358.419
-340.045
-321.739
-303.174
-284.075
-264.218
-244.236
-224.875
-206.445
-189.191
-172.848
-157.138
-141.959
-127.267
-113.004
-99.1301
-85.6387
-72.5544
-59.9122
-47.7987
-36.3508
-25.7759
-16.0119
-7.65601
0.956955
4.92104
23.4354
-26.1177
-82.8611
-146.695
-212.838
-274.616
-327.604
-369.766
-399.673
-416.152
-419.652
-412.77
-399.176
-382.495
-365.199
-348.174
-331.293
-314.216
-296.706
-278.562
-259.61
-240.511
-221.969
-204.145
-187.297
-171.306
-155.95
-141.124
-126.788
-112.899
-99.4172
-86.3267
-73.6363
-61.3528
-49.5336
-38.284
-27.776
-17.9404
-9.33311
-0.468079
4.00821
23.3415
-15.6293
-58.8104
-107.353
-159.902
-212.868
-262.382
-305.372
-339.579
-363.262
-375.725
-378.031
-372.509
-361.99
-348.932
-334.775
-319.99
-304.584
-288.477
-271.574
-253.775
-235.751
-218.186
-201.15
-184.876
-169.351
-154.426
-140.005
-126.055
-112.55
-99.4694
-86.8087
-74.5859
-62.8036
-51.5021
-40.7481
-30.6503
-21.0692
-12.4084
-3.48546
2.45112
21.4372
-9.81901
-43.3547
-80.4305
-121.102
-163.942
-206.627
-246.541
-281.251
-308.687
-327.466
-337.456
-339.655
-335.82
-327.93
-317.561
-305.602
-292.422
-278.153
-262.837
-246.471
-229.736
-213.314
-197.239
-181.713
-166.798
-152.422
-138.516
-125.053
-112.018
-99.4026
-87.2067
-75.4508
-64.1401
-53.3165
-43.0484
-33.4265
-24.3187
-15.9182
-7.50758
-0.274699
18.6185
-6.85308
-33.4117
-62.1096
-93.42
-127
-161.795
-196.172
-228.226
-256.025
-277.931
-293.124
-301.604
-304.067
-301.72
-295.846
-287.437
-277.104
-265.186
-251.878
-237.29
-222.116
-207.047
-192.133
-177.561
-163.439
-149.764
-136.506
-123.651
-111.199
-99.1496
-87.5117
-76.3046
-65.5316
-55.2247
-45.4451
-36.2582
-27.58
-19.4793
-11.7122
-4.50871
15.4493
-5.57877
-26.9764
-49.5607
-73.8457
-99.916
-127.431
-155.574
-183.15
-208.725
-230.836
-248.426
-260.948
-268.329
-271.005
-269.723
-265.266
-258.27
-249.185
-238.32
-225.891
-212.587
-199.117
-185.588
-172.193
-159.069
-146.271
-133.813
-121.705
-109.96
-98.591
-87.615
-77.054
-66.9106
-57.2094
-48.0037
-39.3405
-31.1676
-23.5174
-16.368
-9.83006
12.2912
-5.24321
-22.7247
-40.778
-59.8462
-80.1375
-101.63
-123.995
-146.603
-168.555
-188.788
-206.361
-220.554
-230.902
-237.302
-239.973
-239.33
-235.828
-229.877
-221.809
-211.893
-200.776
-189.174
-177.274
-165.292
-153.393
-141.677
-130.2
-119
-108.106
-97.5463
-87.347
-77.5346
-68.1142
-59.1082
-50.5657
-42.5266
-34.9546
-27.874
-21.3136
-15.35
9.35606
-5.37372
-19.811
-34.4378
-49.609
-65.5419
-82.3281
-99.8782
-117.905
-135.912
-153.228
-169.171
-183.116
-194.501
-202.965
-208.379
-210.811
-210.457
-207.566
-202.396
-195.191
-186.498
-176.997
-166.952
-156.61
-146.161
-135.737
-125.432
-115.311
-105.424
-95.8123
-86.5125
-77.5571
-68.9565
-60.7332
-52.9328
-45.5914
-38.6805
-32.2198
-26.2474
-20.8077
6.75912
-5.67609
-17.6949
-29.6738
-41.8875
-54.5277
-67.7128
-81.4518
-95.6336
-110.01
-124.195
-137.758
-150.254
-161.21
-170.218
-176.996
-181.402
-183.415
-183.102
-180.584
-176.021
-169.805
-162.527
-154.491
-145.964
-137.151
-128.208
-119.255
-110.381
-101.654
-93.1292
-84.8532
-76.865
-69.1811
-61.826
-54.8421
-48.2628
-42.0651
-36.2657
-30.9006
-25.9966
4.57996
-5.94937
-16.0137
-25.9087
-35.8419
-45.9735
-56.417
-67.2146
-78.3352
-89.6629
-100.988
-112.061
-122.602
-132.274
-140.743
-147.716
-152.973
-156.377
-157.863
-157.432
-155.134
-151.192
-146.063
-140.046
-133.397
-126.321
-118.983
-111.514
-104.019
-96.5787
-89.2591
-82.1142
-75.1888
-68.5058
-62.0919
-55.9869
-50.2214
-44.7774
-39.6684
-34.9245
-30.5613
2.87027
-6.05357
-14.5071
-22.7253
-30.8631
-39.0527
-47.3938
-55.9347
-64.6764
-73.5678
-82.4979
-91.3275
-99.8921
-107.975
-115.338
-121.748
-126.996
-130.911
-133.372
-134.305
-133.682
-131.581
-128.315
-124.136
-119.267
-113.892
-108.166
-102.22
-96.1593
-90.0699
-84.0219
-78.0731
-72.2714
-66.644
-61.2192
-56.0341
-51.1164
-46.4532
-42.0566
-37.951
-34.1453
1.61722
-6.01507
-13.1982
-20.119
-26.8929
-33.6317
-40.421
-47.3052
-54.2957
-61.3701
-68.4672
-75.5073
-82.3938
-88.9894
-95.135
-100.663
-105.407
-109.219
-111.972
-113.567
-113.941
-113.083
-111.187
-108.446
-105.035
-101.108
-96.7985
-92.2218
-87.4759
-82.6424
-77.7889
-72.9719
-68.2381
-63.6166
-59.1358
-54.829
-50.7215
-46.8051
-43.091
-39.5997
-36.336
0.722702
-5.89742
-12.0979
-18.0275
-23.7734
-29.4329
-35.08
-40.7535
-46.4675
-52.2129
-57.9539
-63.6425
-69.2196
-74.5965
-79.6666
-84.3125
-88.4129
-91.8496
-94.5135
-96.3111
-97.1716
-97.0418
-96.0398
-94.3056
-91.9692
-89.1508
-85.9597
-82.4928
-78.8342
-75.0561
-71.2194
-67.3753
-63.5668
-59.8221
-56.1683
-52.6348
-49.2441
-45.992
-42.8895
-39.9539
-37.189
0.0968666
-5.70968
-11.1285
-16.2781
-21.2256
-26.0575
-30.8386
-35.6023
-40.3628
-45.1173
-49.8436
-54.511
-59.0814
-63.4953
-67.6796
-71.5521
-75.0253
-78.0102
-80.4213
-82.1796
-83.2205
-83.4785
-83.0252
-81.9607
-80.3798
-78.3737
-76.0286
-73.4226
-70.6255
-67.6975
-64.6911
-61.6504
-58.6134
-55.6056
-52.6517
-49.7769
-47.001
-44.3224
-41.7521
-39.3044
-36.9833
-0.336652
-5.47396
-10.2554
-14.7746
-19.0841
-23.2616
-27.3646
-31.4219
-35.4468
-39.4396
-43.3862
-47.2657
-51.0527
-54.7056
-58.1734
-61.3975
-64.3148
-66.8598
-68.9675
-70.5761
-71.6318
-72.071
-71.9387
-71.3071
-70.2446
-68.8202
-67.1004
-65.1473
-63.0165
-60.7574
-58.4132
-56.0211
-53.6131
-51.2116
-48.838
-46.5136
-44.2555
-42.0638
-39.9488
-37.9224
-35.989
-0.629259
-5.20606
-9.45711
-13.4557
-17.2433
-20.8909
-24.4496
-27.9445
-31.3878
-34.7817
-38.1165
-41.3781
-44.5484
-47.5977
-50.4892
-53.1808
-55.6265
-57.7784
-59.5879
-61.0078
-61.9964
-62.4979
-62.5432
-62.1849
-61.4726
-60.4583
-59.1938
-57.7274
-56.1033
-54.3609
-52.5354
-50.6572
-48.7526
-46.8407
-44.9398
-43.0675
-41.2379
-39.4523
-37.7204
-36.0515
-34.4507
-0.818532
-4.91937
-8.72243
-12.2839
-15.6372
-18.8477
-21.9608
-24.9988
-27.9727
-30.8856
-33.7312
-36.4994
-39.177
-41.7424
-44.1686
-46.4246
-48.4771
-50.2905
-51.8291
-53.0576
-53.9444
-54.4433
-54.5779
-54.3879
-53.9095
-53.1824
-52.2466
-51.14
-49.8973
-48.55
-47.1259
-45.6499
-44.1432
-42.6219
-41.1009
-39.5949
-38.1154
-36.6642
-35.25
-33.8802
-32.5601
-0.931367
-4.62365
-8.04352
-11.2332
-14.22
-17.0642
-19.8068
-22.4672
-25.0558
-27.5762
-30.0243
-32.3927
-34.6719
-36.8457
-38.894
-40.7941
-42.5212
-44.0492
-45.3518
-46.4029
-47.1791
-47.6436
-47.8161
-47.7271
-47.4041
-46.8774
-46.1784
-45.3369
-44.3801
-43.3329
-42.2176
-41.0539
-39.8592
-38.6464
-37.4281
-36.2159
-35.0194
-33.8403
-32.6867
-31.5639
-30.4776
-0.987657
-4.32602
-7.41496
-10.285
-12.959
-15.4926
-17.9229
-20.2672
-22.5352
-24.7306
-26.8511
-28.8913
-30.8443
-32.6978
-34.437
-36.0446
-37.5026
-38.7916
-39.8925
-40.7861
-41.4555
-41.8718
-42.0526
-42.0223
-41.8017
-41.4149
-40.8864
-40.2399
-39.4969
-38.6771
-37.7982
-36.8761
-35.9248
-34.9546
-33.9758
-32.9979
-32.0286
-31.0695
-30.1278
-29.2073
-28.3138
-1.00205
-4.03165
-6.83236
-9.42531
-11.8296
-14.0972
-16.2615
-18.3381
-20.336
-22.2593
-24.1066
-25.8744
-27.5574
-29.1466
-30.6307
-31.997
-33.232
-34.3218
-35.2522
-36.0094
-36.5815
-36.946
-37.1196
-37.1218
-36.9691
-36.6804
-36.2756
-35.7733
-35.1908
-34.5438
-33.8465
-33.1113
-32.3494
-31.5696
-30.78
-29.9883
-29.2007
-28.4186
-27.6482
-26.8924
-26.1569
-0.985627
-3.74413
-6.29214
-8.643
-10.8132
-12.8509
-14.7866
-16.6343
-18.4025
-20.0954
-21.7127
-23.2519
-24.7093
-26.0783
-27.3504
-28.5163
-29.566
-30.4893
-31.2762
-31.9168
-32.4028
-32.7172
-32.8756
-32.8943
-32.7862
-32.5668
-32.252
-31.857
-31.3956
-30.8802
-30.3223
-29.7318
-29.1178
-28.4872
-27.847
-27.203
-26.5603
-25.9203
-25.2882
-24.6659
-24.0592
-0.946652
-3.466
-5.79114
-7.9293
-9.89484
-11.7326
-13.4702
-15.1206
-16.6917
-18.1879
-19.6096
-20.9554
-22.2228
-23.4068
-24.5014
-25.4997
-26.3946
-27.1786
-27.8449
-28.3865
-28.7978
-29.0662
-29.2063
-29.2319
-29.1535
-28.9834
-28.7351
-28.4206
-28.0512
-27.6368
-27.1867
-26.7089
-26.2107
-25.6978
-25.1757
-24.6493
-24.1225
-23.5965
-23.076
-22.562
-22.0601
-0.891518
-3.19891
-5.32661
-7.27689
-9.06254
-10.7251
-12.2901
-13.7691
-15.1699
-16.4968
-17.751
-18.9318
-20.0377
-21.0653
-22.0102
-22.8676
-23.6324
-24.2995
-24.8643
-25.322
-25.6691
-25.8963
-26.0176
-26.0445
-25.9855
-25.8512
-25.6521
-25.3986
-25.0996
-24.7632
-24.3969
-24.0074
-23.6003
-23.1802
-22.7518
-22.3191
-21.8851
-21.4509
-21.0204
-20.5941
-20.1776
-0.825039
-2.944
-4.89601
-6.67967
-8.3064
-9.81489
-11.2283
-12.5577
-13.8102
-14.9904
-16.1001
-17.1391
-18.1068
-19.0011
-19.8189
-20.5571
-21.2121
-21.7807
-22.2598
-22.6464
-22.9388
-23.1299
-23.2331
-23.2581
-23.2122
-23.1037
-22.9419
-22.7351
-22.4906
-22.2151
-21.9147
-21.5946
-21.2597
-20.9135
-20.5601
-20.2024
-19.8432
-19.4831
-19.1256
-18.7708
-18.4239
-0.750991
-2.70187
-4.49713
-6.13243
-7.61822
-8.99038
-10.2702
-11.468
-12.5908
-13.6431
-14.6272
-15.5436
-16.3923
-17.1723
-17.8815
-18.5181
-19.08
-19.5651
-19.9717
-20.2982
-20.5437
-20.7035
-20.79
-20.8116
-20.7741
-20.6849
-20.5514
-20.3806
-20.1786
-19.951
-19.7025
-19.4376
-19.1601
-18.8731
-18.5797
-18.2824
-17.9835
-17.6834
-17.3851
-17.0885
-16.7985
-0.672236
-2.47291
-4.12787
-5.63072
-6.99104
-8.24214
-9.40367
-10.4853
-11.4938
-12.434
-13.3083
-14.118
-14.8636
-15.5448
-16.1608
-16.7104
-17.1928
-17.6069
-17.9519
-18.2272
-18.4329
-18.5656
-18.6372
-18.6545
-18.6227
-18.5478
-18.4363
-18.2938
-18.1255
-17.9359
-17.7289
-17.5083
-17.2772
-17.0379
-16.7932
-16.545
-16.2952
-16.0442
-15.7945
-15.5457
-15.3025
-0.591053
-2.25725
-3.78643
-5.1707
-6.419
-7.56217
-8.61844
-9.59692
-10.5044
-11.3456
-12.1235
-12.8397
-13.4954
-14.091
-14.6262
-15.101
-15.5152
-15.8685
-16.161
-16.3927
-16.5643
-16.6738
-16.7319
-16.7448
-16.7166
-16.6525
-16.558
-16.4378
-16.2962
-16.1368
-15.9632
-15.7781
-15.5842
-15.3835
-15.1781
-14.9698
-14.7599
-14.5489
-14.3388
-14.1292
-13.9244
-0.509178
-2.0549
-3.47111
-4.74906
-5.89706
-6.94372
-7.90594
-8.79251
-9.61004
-10.3636
-11.0562
-11.6902
-12.267
-12.7877
-13.2528
-13.6627
-14.018
-14.3191
-14.5666
-14.761
-14.9035
-14.9929
-15.0394
-15.048
-15.0223
-14.9667
-14.8858
-14.7836
-14.6638
-14.5292
-14.3828
-14.227
-14.0638
-13.895
-13.7222
-13.5469
-13.3703
-13.1926
-13.0157
-12.839
-12.6664
-0.428019
-1.86574
-3.18048
-4.36292
-5.42094
-6.38101
-7.25892
-8.06317
-8.80037
-9.47569
-10.0926
-10.6537
-11.1609
-11.6158
-12.0195
-12.3729
-12.6771
-12.9331
-13.1417
-13.3041
-13.4215
-13.4936
-13.5295
-13.5339
-13.5094
-13.4601
-13.3896
-13.3016
-13.1989
-13.0841
-12.9594
-12.827
-12.6885
-12.5453
-12.3988
-12.2502
-12.1004
-11.9497
-11.7997
-11.6496
-11.5032
-0.348664
-1.68969
-2.91321
-4.00983
-4.98694
-5.86912
-6.67117
-7.4014
-8.06646
-8.67168
-9.22088
-9.71699
-10.1625
-10.5592
-10.9088
-11.2128
-11.4724
-11.689
-11.8641
-11.9988
-12.0948
-12.1521
-12.1792
-12.18
-12.1568
-12.113
-12.0518
-11.976
-11.8882
-11.7905
-11.6847
-11.5725
-11.4554
-11.3345
-11.2108
-11.0854
-10.9591
-10.832
-10.7055
-10.5789
-10.4555
-0.272036
-1.52663
-2.6683
-3.68773
-4.59198
-5.40386
-6.13738
-6.80075
-7.40069
-7.94276
-8.43108
-8.86896
-9.25924
-9.60423
-9.90591
-10.1661
-10.3865
-10.5688
-10.7144
-10.8248
-10.9018
-10.9458
-10.9643
-10.9608
-10.9372
-10.8965
-10.8412
-10.7741
-10.697
-10.6118
-10.5199
-10.4229
-10.3219
-10.2177
-10.1114
-10.0037
-9.89528
-9.78626
-9.67773
-9.56904
-9.4632
-0.19885
-1.37648
-2.44485
-3.395
-4.23362
-4.98188
-5.65317
-6.25575
-6.79654
-7.28132
-7.71458
-8.09993
-8.44058
-8.73918
-8.99807
-9.21941
-9.40516
-9.55719
-9.67726
-9.767
-9.8282
-9.86157
-9.87411
-9.86857
-9.84669
-9.81067
-9.76297
-9.70554
-9.64008
-9.568
-9.49061
-9.40901
-9.3242
-9.23692
-9.14792
-9.05778
-8.96712
-8.87602
-8.78541
-8.69462
-8.60641
-0.129728
-1.2391
-2.24204
-3.13008
-3.90963
-4.60036
-5.21508
-5.76215
-6.24876
-6.68107
-7.06399
-7.40153
-7.6972
-7.95393
-8.17433
-8.36076
-8.51536
-8.6401
-8.73676
-8.80694
-8.85233
-8.87375
-8.87753
-8.86611
-8.84095
-8.80413
-8.75769
-8.70342
-8.6427
-8.5768
-8.50676
-8.43351
-8.35782
-8.28033
-8.20156
-8.12201
-8.04215
-7.96204
-7.8824
-7.80265
-7.72518
-0.0652403
-1.11451
-2.05913
-2.89139
-3.61756
-4.25609
-4.81939
-5.31589
-5.75296
-6.13707
-6.47355
-6.76696
-7.02122
-7.23967
-7.42516
-7.58027
-7.70735
-7.80859
-7.88602
-7.94147
-7.97677
-7.99295
-7.99552
-7.98628
-7.96633
-7.93712
-7.90025
-7.85702
-7.80856
-7.75576
-7.69955
-7.64064
-7.57969
-7.51719
-7.45366
-7.38948
-7.32507
-7.26047
-7.19632
-7.13204
-7.06983
-0.00603645
-1.00323
-1.89648
-2.67871
-3.35617
-3.9464
-4.46194
-4.91166
-5.3033
-5.64346
-5.93765
-6.1906
-6.40661
-6.58939
-6.74219
-6.86773
-6.96827
-7.04569
-7.10163
-7.13752
-7.1549
-7.15486
-7.14266
-7.1203
-7.08898
-7.05037
-7.00601
-6.95723
-6.90496
-6.85008
-6.79319
-6.73488
-6.67556
-6.61559
-6.55525
-6.4948
-6.43449
-6.3743
-6.31467
-6.25514
-6.19742
0.0473853
-0.905945
-1.75529
-2.49411
-3.12815
-3.67386
-4.14391
-4.54816
-4.89542
-5.19326
-5.44776
-5.66381
-5.84551
-5.99648
-6.12014
-6.21978
-6.29857
-6.35931
-6.40443
-6.4358
-6.45506
-6.46299
-6.46322
-6.45644
-6.44292
-6.42332
-6.39854
-6.36929
-6.3363
-6.30015
-6.26149
-6.22082
-6.17867
-6.13541
-6.09147
-6.04709
-6.0026
-5.95809
-5.91398
-5.86983
-5.82729
0.094714
-0.8221
-1.63411
-2.33604
-2.93348
-3.44138
-3.8717
-4.23423
-4.53827
-4.79256
-5.00481
-5.18153
-5.32792
-5.44776
-5.54358
-5.61707
-5.66949
-5.70211
-5.71638
-5.71391
-5.69654
-5.66619
-5.62805
-5.58431
-5.5364
-5.48587
-5.43395
-5.38158
-5.32926
-5.27737
-5.22607
-5.17552
-5.12574
-5.07673
-5.02847
-4.98099
-4.93421
-4.88807
-4.8427
-4.79783
-4.7543
0.135421
-0.750414
-1.52755
-2.19336
-2.75525
-3.22874
-3.62609
-3.95671
-4.22877
-4.4496
-4.62598
-4.76453
-4.87197
-4.95495
-5.01968
-5.07153
-5.11462
-5.15165
-5.18407
-5.21237
-5.23661
-5.25608
-5.27132
-5.2814
-5.28567
-5.28406
-5.27698
-5.26488
-5.2484
-5.22815
-5.20485
-5.1791
-5.15155
-5.12267
-5.09295
-5.06269
-5.03231
-5.00192
-4.97187
-4.9419
-4.91317
0.168241
-0.694092
-1.44023
-2.06839
-2.58744
-3.0151
-3.36731
-3.65717
-3.89556
-4.09081
-4.24871
-4.37289
-4.46546
-4.5277
-4.56078
-4.56644
-4.54723
-4.50655
-4.44832
-4.37647
-4.29462
-4.20652
-4.11826
-4.03261
-3.95107
-3.87472
-3.80411
-3.73932
-3.68003
-3.62576
-3.57592
-3.52996
-3.48726
-3.44731
-3.40964
-3.37396
-3.33978
-3.30688
-3.27506
-3.24416
-3.21414
0.191929
-0.663492
-1.40008
-2.01315
-2.50693
-2.8955
-3.19448
-3.41954
-3.58624
-3.70926
-3.80178
-3.8751
-3.93841
-3.99858
-4.06009
-4.12506
-4.19362
-4.26441
-4.33528
-4.40388
-4.4683
-4.52643
-4.57622
-4.61601
-4.64532
-4.66445
-4.67418
-4.67551
-4.66953
-4.65758
-4.64109
-4.6212
-4.59889
-4.57488
-4.54983
-4.52417
-4.49837
-4.47268
-4.44729
-4.42238
-4.39799
0.205441
-0.66028
-1.4115
-2.04672
-2.56769
-2.98242
-3.29992
-3.52937
-3.68035
-3.76242
-3.78493
-3.75674
-3.6863
-3.58166
-3.45051
-3.30025
-3.13786
-2.96969
-2.80118
-2.63664
-2.47908
-2.33113
-2.19705
-2.07829
-1.9747
-1.88561
-1.81009
-1.74698
-1.69391
-1.64795
-1.60761
-1.5722
-1.54117
-1.51382
-1.48974
-1.46818
-1.44888
-1.43151
-1.41593
-1.40138
-1.38879
0.207049
-0.653319
-1.37314
-1.96727
-2.45418
-2.85402
-3.18384
-3.45694
-3.68374
-3.87253
-4.02989
-4.16115
-4.27058
-4.36166
-4.43707
-4.49886
-4.54851
-4.58718
-4.61589
-4.63566
-4.64774
-4.65321
-4.65103
-4.6413
-4.62549
-4.60508
-4.58115
-4.55457
-4.52759
-4.50239
-4.47956
-4.45907
-4.44084
-4.42501
-4.41148
-4.40044
-4.39174
-4.38537
-4.38115
-4.37924
-4.37885
27.7203
32.5324
31.2615
30.6099
29.1969
26.9923
24.7431
22.6795
20.7724
19.0122
17.4145
15.9792
14.6894
13.5293
12.484
11.5431
10.6935
9.92394
9.22643
8.59306
8.01635
7.49113
7.01142
6.57353
6.17199
5.80393
5.46544
5.15413
4.8672
4.60252
4.35788
4.13157
3.92167
3.72692
3.54573
3.37719
3.21978
3.07288
2.93501
2.8059
2.68432
2.56987
2.46176
2.35974
2.26296
2.1713
2.0836
2.00007
1.92039
1.84373
1.76994
1.69829
1.62872
1.5605
1.4936
1.42746
1.36194
1.29651
1.23131
1.16571
1.0996
1.03246
0.964163
0.894055
0.821988
0.747464
0.669866
0.589222
0.503876
0.416565
0.318305
0.231624
0.0983846
0.077807
27.1537
31.8311
30.7792
30.4005
29.064
26.8548
24.5968
22.5298
20.6194
18.8563
17.2581
15.8245
14.5378
13.3815
12.3407
11.4046
10.5606
9.79743
9.10722
8.48143
7.91175
7.39242
6.91783
6.48479
6.08815
5.72482
5.3908
5.08364
4.80063
4.53966
4.29855
4.07557
3.86883
3.67703
3.49863
3.33271
3.17779
3.03321
2.89756
2.77051
2.65089
2.53827
2.43191
2.33151
2.23632
2.14607
2.05974
1.97758
1.89918
1.82372
1.75107
1.6805
1.61195
1.54472
1.47873
1.41347
1.34878
1.28412
1.21969
1.15484
1.08944
1.02298
0.955339
0.885887
0.814459
0.740576
0.663628
0.583649
0.499005
0.412413
0.314983
0.229037
0.0970087
0.0768308
26.9073
31.0833
30.2938
30.1236
28.8777
26.6839
24.4231
22.3542
20.4407
18.6747
17.0758
15.6438
14.3605
13.2088
12.1736
11.2438
10.4063
9.64958
8.96609
8.34771
7.78648
7.2758
6.80928
6.38294
5.99205
5.63396
5.30515
5.00309
4.72496
4.46844
4.23145
4.01235
3.80931
3.62099
3.44587
3.28302
3.13098
2.98908
2.85598
2.73131
2.61394
2.50343
2.39906
2.30052
2.2071
2.11841
2.03367
1.95303
1.87603
1.80192
1.73054
1.66119
1.59377
1.52762
1.46265
1.39835
1.33457
1.2708
1.20726
1.14321
1.07857
1.01286
0.945928
0.877184
0.806444
0.733253
0.657005
0.577738
0.493846
0.40802
0.311476
0.226302
0.0955648
0.0757864
26.5395
30.4506
29.8811
29.8224
28.6515
26.4851
24.2285
22.161
20.2457
18.4768
16.8766
15.4452
14.164
13.0157
11.9852
11.0613
10.2305
9.48113
8.80479
8.19358
7.63959
7.13679
6.67925
6.26235
5.88044
5.52989
5.20736
4.9109
4.63823
4.38704
4.15516
3.9408
3.74211
3.55782
3.3865
3.22722
3.07857
2.93982
2.80968
2.68774
2.57296
2.46487
2.36277
2.26636
2.17495
2.08809
2.00517
1.92622
1.8508
1.7782
1.70823
1.64023
1.57407
1.50913
1.44528
1.38206
1.31928
1.25654
1.19392
1.13075
1.06694
1.00203
0.935878
0.867901
0.797908
0.725463
0.649968
0.571467
0.48838
0.403371
0.307773
0.223411
0.094047
0.0746757
26.1263
29.6882
29.2826
29.4139
28.3669
26.2437
23.9977
21.9398
20.0302
18.2636
16.6642
15.2333
13.9534
12.8073
11.7803
10.861
10.0359
9.29302
8.62375
8.02009
7.47376
6.9784
6.52823
6.11932
5.74666
5.40614
5.09327
4.80525
4.53947
4.29413
4.0678
3.85893
3.6656
3.48628
3.31951
3.16439
3.01962
2.8845
2.75781
2.6391
2.52732
2.42203
2.32254
2.22857
2.13945
2.05475
1.9739
1.89687
1.82325
1.75236
1.68399
1.6175
1.55276
1.48916
1.42657
1.36453
1.30287
1.24122
1.17957
1.11735
1.05445
0.990436
0.92513
0.857988
0.788805
0.717166
0.642485
0.564807
0.482585
0.398449
0.303861
0.220355
0.092448
0.0734995
25.5876
28.593
28.2971
28.7119
27.8825
25.8607
23.6629
21.6463
19.7676
18.0195
16.4302
15.0042
13.7275
12.5847
11.5617
10.6464
9.82619
9.08881
8.42556
7.82873
7.28997
6.80238
6.35989
5.95835
5.59307
5.26041
4.95658
4.67878
4.42332
4.18728
3.96855
3.76592
3.57821
3.40439
3.24306
3.09312
2.95311
2.82228
2.69954
2.58449
2.47619
2.37415
2.27772
2.18658
2.1001
2.01787
1.93937
1.86453
1.79297
1.72401
1.65746
1.59269
1.52954
1.46744
1.40626
1.34554
1.28513
1.22464
1.16409
1.10293
1.04104
0.977993
0.913616
0.847385
0.779083
0.708319
0.634518
0.557727
0.476435
0.393233
0.299724
0.217122
0.0907545
0.0722637
24.4606
26.8461
26.6641
27.4777
27.0012
25.1786
23.0946
21.1689
19.3634
17.6681
16.119
14.7239
13.47
12.3432
11.3306
10.4211
9.60475
8.87157
8.21316
7.62201
7.08987
6.60952
6.17487
5.78136
5.42398
5.0987
4.8021
4.53179
4.28492
4.05881
3.85065
3.65806
3.47883
3.3118
3.15621
3.01167
2.87706
2.75148
2.63369
2.52311
2.41884
2.3205
2.22753
2.13964
2.05623
1.97688
1.90109
1.82877
1.75954
1.69278
1.62828
1.56545
1.5041
1.44371
1.3841
1.32487
1.26584
1.20667
1.14735
1.08736
1.02659
0.964615
0.901257
0.836023
0.768685
0.698873
0.626025
0.550193
0.469903
0.387702
0.295347
0.213704
0.0889539
0.070981
21.8635
23.9866
23.973
25.1967
25.2723
23.8987
22.112
20.3881
18.726
17.1258
15.6416
14.2982
13.0894
12.003
11.0264
10.1471
9.35452
8.63901
7.99239
7.4084
6.88119
6.4055
5.97634
5.5893
5.23935
4.92194
4.63332
4.37063
4.13105
3.91204
3.7117
3.52843
3.3597
3.20311
3.05682
2.91985
2.79132
2.67102
2.55841
2.45299
2.35375
2.26007
2.1713
2.08717
2.00722
1.9311
1.8584
1.78899
1.72248
1.65826
1.59612
1.53549
1.47618
1.4177
1.35987
1.30232
1.24485
1.18716
1.12921
1.07053
1.01099
0.950199
0.887967
0.823828
0.757546
0.688772
0.616962
0.542168
0.462958
0.381832
0.290713
0.21009
0.0870279
0.0696671
16.5595
19.357
19.8748
21.3517
22.0113
21.3295
20.1042
18.8178
17.5163
16.2005
14.9254
13.7281
12.6147
11.5853
10.6422
9.78649
9.01579
8.32383
7.70268
7.14364
6.63863
6.18125
5.76592
5.38848
5.04566
4.73464
4.45261
4.19705
3.96491
3.75316
3.55969
3.38308
3.22152
3.07324
2.93672
2.81028
2.69183
2.58005
2.47422
2.37423
2.27987
2.19102
2.10712
2.02772
1.95217
1.87999
1.81087
1.74471
1.68122
1.61988
1.56045
1.50236
1.44541
1.38912
1.33332
1.27765
1.22193
1.16589
1.10949
1.05227
0.994109
0.93463
0.873644
0.810713
0.745591
0.677954
0.607276
0.533609
0.455568
0.375601
0.285804
0.20627
0.0849574
0.0683444
9.52395
13.3696
14.8432
16.4838
17.5853
17.5869
16.9437
16.124
15.239
14.2987
13.3518
12.4427
11.5841
10.7749
10.0135
9.29793
8.62526
7.99355
7.40404
6.85971
6.36259
5.91327
5.50942
5.14634
4.81918
4.52351
4.25501
4.01057
3.78774
3.58436
3.39865
3.22918
3.07408
2.93177
2.80123
2.6816
2.57154
2.46957
2.37404
2.28359
2.19712
2.1144
2.03543
1.96047
1.88936
1.82172
1.75706
1.69506
1.63529
1.5773
1.5209
1.46563
1.41131
1.35752
1.30404
1.25054
1.19683
1.14266
1.08798
1.0324
0.975779
0.917766
0.858167
0.796576
0.732737
0.666349
0.596908
0.524467
0.447694
0.368977
0.280596
0.202232
0.0827151
0.0670417
2.58641
6.92186
9.34231
11.2876
12.7696
13.4129
13.3888
13.0589
12.5806
11.9862
11.3221
10.6441
9.98529
9.35969
8.77449
8.23193
7.72905
7.25986
6.81875
6.40085
6.00227
5.62117
5.25788
4.9145
4.59438
4.30087
4.03529
3.79659
3.58276
3.39082
3.21726
3.05948
2.91513
2.7823
2.65972
2.54655
2.4419
2.34517
2.25585
2.1733
2.09617
2.02316
1.95315
1.88555
1.82017
1.75707
1.69653
1.63863
1.58302
1.52914
1.4766
1.42483
1.37363
1.32263
1.27172
1.22062
1.16917
1.11714
1.06444
1.01072
0.95584
0.899464
0.841407
0.781297
0.718878
0.653869
0.585789
0.514691
0.439296
0.361933
0.275071
0.197967
0.0802706
0.065799
-3.87013
0.402206
3.38632
5.73094
7.58377
8.78094
9.37113
9.58067
9.56302
9.37456
9.06034
8.67367
8.25344
7.82074
7.38932
6.97036
6.57205
6.19997
5.85713
5.54363
5.25643
4.9905
4.74005
4.50002
4.26689
4.03912
3.81687
3.6017
3.39666
3.20538
3.03051
2.87316
2.73313
2.6086
2.49686
2.39541
2.30188
2.21462
2.1327
2.05583
1.98372
1.91628
1.8533
1.79408
1.73754
1.68275
1.62918
1.57675
1.52545
1.47538
1.42656
1.37856
1.33107
1.28361
1.2359
1.18766
1.13877
1.08909
1.03858
0.986929
0.934017
0.87951
0.823207
0.764764
0.703923
0.640432
0.573844
0.504214
0.430321
0.354429
0.269198
0.193461
0.0775835
0.0646686
-9.97672
-5.96381
-2.78259
-0.113843
2.07991
3.72754
4.85376
5.58554
6.03733
6.27373
6.34142
6.28889
6.15739
5.97461
5.7595
5.52655
5.28639
5.04594
4.81003
4.58223
4.36565
4.16304
3.9764
3.80623
3.65108
3.5079
3.37242
3.24034
3.10858
2.97576
2.84194
2.70841
2.57783
2.45349
2.33835
2.23452
2.14266
2.06175
1.98953
1.9237
1.86211
1.8034
1.74718
1.69342
1.64221
1.59365
1.54741
1.50284
1.45906
1.41545
1.37179
1.3279
1.28393
1.23983
1.19548
1.15057
1.10486
1.05812
1.01022
0.960939
0.910185
0.857706
0.80333
0.746748
0.687691
0.625915
0.560993
0.492983
0.420731
0.346434
0.262954
0.188703
0.0746036
0.0637188
-15.961
-12.2056
-8.99283
-6.13051
-3.66754
-1.66107
-0.0908841
1.11351
2.02284
2.69033
3.15851
3.46906
3.6602
3.76195
3.79693
3.78299
3.73417
3.66124
3.57205
3.47264
3.36746
3.25978
3.15198
3.04599
2.94357
2.84669
2.75703
2.67542
2.60129
2.53283
2.46706
2.40061
2.33092
2.25674
2.17805
2.09599
2.01289
1.93169
1.85521
1.78588
1.72478
1.67121
1.62352
1.57969
1.53797
1.49737
1.45764
1.41881
1.38087
1.34368
1.3068
1.26953
1.23134
1.19197
1.1514
1.1097
1.06699
1.02326
0.978356
0.931989
0.883954
0.833942
0.781788
0.727248
0.670109
0.610184
0.547087
0.480872
0.410437
0.337901
0.256311
0.183689
0.0712698
0.0630416
-21.6406
-18.1166
-14.9516
-12.0266
-9.40758
-7.15033
-5.24541
-3.65597
-2.34513
-1.27941
-0.426328
0.246975
0.772173
1.177
1.48456
1.71426
1.88244
2.00237
2.08472
2.13785
2.16831
2.18114
2.18032
2.16898
2.14965
2.12445
2.09515
2.06327
2.0303
1.99777
1.96714
1.93928
1.9141
1.89043
1.86612
1.83856
1.80571
1.76651
1.72095
1.67018
1.61632
1.56199
1.50995
1.46263
1.4211
1.38489
1.3527
1.32268
1.2932
1.26339
1.23287
1.20154
1.16928
1.13589
1.1011
1.0645
1.02601
0.985691
0.943642
0.899925
0.854546
0.807239
0.757761
0.70578
0.651
0.593237
0.532165
0.467885
0.399397
0.328764
0.249212
0.178393
0.0674977
0.0627664
-26.6873
-23.4328
-20.4077
-17.5447
-14.8989
-12.5176
-10.4043
-8.54441
-6.92376
-5.52682
-4.33447
-3.32495
-2.47578
-1.76541
-1.17394
-0.683405
-0.277844
0.0566991
0.332098
0.558379
0.743937
0.895845
1.01991
1.12092
1.20273
1.26844
1.32059
1.36133
1.39242
1.41549
1.432
1.44332
1.45081
1.45578
1.45943
1.46256
1.46519
1.46648
1.4648
1.45828
1.44539
1.42545
1.39874
1.36655
1.33079
1.2938
1.25807
1.22541
1.1964
1.17054
1.14643
1.12244
1.09734
1.07045
1.04159
1.0107
0.977764
0.942708
0.905387
0.86563
0.823444
0.778782
0.73169
0.682081
0.629735
0.574438
0.515798
0.453834
0.387586
0.319059
0.24168
0.172822
0.0631741
0.0630359
-30.7707
-27.8454
-25.0498
-22.3564
-19.805
-17.4305
-15.2437
-13.2448
-11.4334
-9.80673
-8.35795
-7.07659
-5.95011
-4.96492
-4.10707
-3.36271
-2.71857
-2.16223
-1.68234
-1.26872
-0.91226
-0.605048
-0.340205
-0.111831
0.0851218
0.254983
0.40151
0.527858
0.636697
0.730242
0.810367
0.878694
0.936661
0.985587
1.0267
1.06117
1.09016
1.11475
1.13588
1.15422
1.16992
1.18245
1.19082
1.19385
1.19063
1.1809
1.16518
1.14451
1.12037
1.09456
1.06869
1.0439
1.02035
0.997363
0.973823
0.948694
0.92133
0.891491
0.859216
0.824424
0.787037
0.746816
0.703534
0.657058
0.607316
0.55435
0.498013
0.43841
0.37463
0.308532
0.233624
0.167005
0.0582055
0.0641061
-33.4522
-30.8965
-28.4016
-25.9643
-23.6106
-21.3638
-19.2367
-17.237
-15.3713
-13.6441
-12.0568
-10.6078
-9.29288
-8.10622
-7.0404
-6.08714
-5.23751
-4.48248
-3.81306
-3.22055
-2.6968
-2.23424
-1.82595
-1.46571
-1.1479
-0.867491
-0.620072
-0.401743
-0.209126
-0.0392518
0.110453
0.242239
0.358051
0.459567
0.548236
0.625383
0.692253
0.750045
0.799887
0.842864
0.880026
0.912256
0.940205
0.964264
0.984428
1.0002
1.01086
1.01562
1.01397
1.00608
0.992687
0.974989
0.954372
0.932114
0.909191
0.885978
0.862155
0.836975
0.809665
0.779588
0.746502
0.710349
0.67106
0.628527
0.582546
0.532934
0.479493
0.422416
0.361035
0.2973
0.224912
0.160773
0.0522851
0.0663732
-34.7566
-32.5737
-30.407
-28.2651
-26.1639
-24.1186
-22.1411
-20.2416
-18.4294
-16.7123
-15.0961
-13.5844
-12.1789
-10.8794
-9.68421
-8.59005
-7.59267
-6.6869
-5.86699
-5.12685
-4.46028
-3.86109
-3.32334
-2.84132
-2.40964
-2.02337
-1.67792
-1.36916
-1.09332
-0.847007
-0.627184
-0.431141
-0.256454
-0.100969
0.0372429
0.159923
0.268642
0.364796
0.449598
0.524127
0.589365
0.646186
0.695344
0.737551
0.773495
0.803757
0.828832
0.849063
0.86455
0.875192
0.880725
0.880879
0.875566
0.865029
0.849912
0.831121
0.809588
0.786053
0.7609
0.733944
0.704687
0.67254
0.637032
0.597974
0.555326
0.509062
0.459008
0.405221
0.346921
0.285921
0.216124
0.154447
0.0454467
0.0697974
-34.9514
-33.1219
-31.2826
-29.4443
-27.6167
-25.8097
-24.0334
-22.2978
-20.612
-18.9846
-17.4229
-15.9332
-14.5203
-13.1878
-11.9376
-10.7707
-9.68638
-8.68333
-7.75906
-6.91038
-6.13356
-5.42451
-4.77891
-4.1923
-3.66027
-3.17849
-2.74281
-2.34928
-1.99419
-1.67407
-1.38576
-1.12633
-0.893094
-0.683624
-0.495694
-0.327279
-0.176537
-0.0418006
0.0784234
0.185471
0.280532
0.364633
0.438628
0.503263
0.559233
0.60719
0.647779
0.681661
0.709514
0.731958
0.749528
0.762556
0.771059
0.774832
0.77356
0.76699
0.755118
0.738278
0.717131
0.692416
0.664785
0.634599
0.601787
0.566001
0.526798
0.483858
0.436965
0.386288
0.331207
0.27343
0.206893
0.148148
0.0375886
0.0748415
-34.3065
-32.7991
-31.2691
-29.7235
-28.1684
-26.6108
-25.0588
-23.5204
-22.0037
-20.5163
-19.0658
-17.6588
-16.3017
-14.9996
-13.7568
-12.5768
-11.4618
-10.4132
-9.43123
-8.5155
-7.66472
-6.87705
-6.1501
-5.48111
-4.86704
-4.30468
-3.79073
-3.32188
-2.89488
-2.50658
-2.15394
-1.83412
-1.54441
-1.28229
-1.04543
-0.831646
-0.638929
-0.465425
-0.309442
-0.16944
-0.0440336
0.0680047
0.167736
0.256087
0.333879
0.401847
0.460641
0.510904
0.553301
0.588529
0.617306
0.640326
0.658192
0.671335
0.67997
0.684064
0.683371
0.677525
0.666243
0.649446
0.627386
0.600618
0.569807
0.535546
0.498164
0.457666
0.413729
0.366212
0.314344
0.259704
0.196552
0.141127
0.0260339
0.0855876
-33.0667
-31.8423
-30.5908
-29.3132
-28.0136
-26.6978
-25.3716
-24.041
-22.7121
-21.3913
-20.0853
-18.8002
-17.5422
-16.3171
-15.1299
-13.9854
-12.8875
-11.8392
-10.8429
-9.90029
-9.01215
-8.17865
-7.39934
-6.67318
-5.99873
-5.37413
-4.79725
-4.26576
-3.77719
-3.32899
-2.9186
-2.5435
-2.2012
-1.88934
-1.60561
-1.34786
-1.11403
-0.902216
-0.710622
-0.537604
-0.381651
-0.241391
-0.115596
-0.00316907
0.0968743
0.185412
0.263238
0.331087
0.389666
0.439665
0.481749
0.516583
0.544805
0.566988
0.583643
0.595204
0.601952
0.603992
0.601244
0.593449
0.58029
0.561534
0.537152
0.507416
0.472859
0.434131
0.391719
0.346082
0.296756
0.245079
0.185469
0.133787
0.01211
0.10495
-31.427
-30.4443
-29.435
-28.3939
-27.3241
-26.2308
-25.1184
-23.9905
-22.8514
-21.706
-20.5595
-19.4173
-18.2846
-17.1667
-16.0688
-14.9958
-13.952
-12.9417
-11.9682
-11.0345
-10.143
-9.29546
-8.4929
-7.73591
-7.02454
-6.35833
-5.73643
-5.15765
-4.6205
-4.12328
-3.66412
-3.24106
-2.85209
-2.49515
-2.16821
-1.86927
-1.59641
-1.34775
-1.12155
-0.916125
-0.729929
-0.561517
-0.409566
-0.27287
-0.150328
-0.0409279
0.0562499
0.142064
0.21732
0.282778
0.33915
0.387107
0.427265
0.460167
0.486307
0.506156
0.520131
0.528595
0.531852
0.530096
0.523397
0.511676
0.494724
0.47231
0.444292
0.410766
0.372035
0.328799
0.281292
0.23136
0.174625
0.126137
0.00948074
0.11692
-29.5522
-28.7708
-27.9659
-27.127
-26.2567
-25.3605
-24.4412
-23.5005
-22.5411
-21.5667
-20.581
-19.5881
-18.5921
-17.5976
-16.6089
-15.6306
-14.667
-13.7224
-12.8006
-11.9052
-11.0394
-10.206
-9.40705
-8.64447
-7.9195
-7.23291
-6.58506
-5.97588
-5.40493
-4.87146
-4.37444
-3.91266
-3.48471
-3.08904
-2.72405
-2.38808
-2.07946
-1.79651
-1.53761
-1.30118
-1.08571
-0.889756
-0.711981
-0.551133
-0.406047
-0.275646
-0.158919
-0.054928
0.0372147
0.118351
0.189273
0.250717
0.303351
0.347761
0.384459
0.413903
0.436488
0.452562
0.462473
0.466542
0.465066
0.458303
0.446428
0.429513
0.407512
0.38031
0.347751
0.309949
0.266861
0.21997
0.166827
0.119063
0.0335581
0.089728
-27.5585
-26.9416
-26.3058
-25.6358
-24.9346
-24.2078
-23.4573
-22.6833
-21.8871
-21.0712
-20.2382
-19.3909
-18.5325
-17.6663
-16.7958
-15.9248
-15.057
-14.1965
-13.3467
-12.5115
-11.6943
-10.8982
-10.1261
-9.38051
-8.66359
-7.97705
-7.32222
-6.70002
-6.11098
-5.55528
-5.03278
-4.54304
-4.08537
-3.65888
-3.26249
-2.89503
-2.5552
-2.24165
-1.95301
-1.68788
-1.4449
-1.22273
-1.02007
-0.835704
-0.668462
-0.51724
-0.381001
-0.25876
-0.149585
-0.0525853
0.0330796
0.1082
0.173504
0.229648
0.277213
0.316707
0.348565
0.373157
0.390817
0.401844
0.406524
0.405161
0.398056
0.3855
0.367754
0.345032
0.317421
0.285018
0.247692
0.206021
0.159583
0.112263
0.0771292
0.0199009
-25.5398
-25.0553
-24.5563
-24.0248
-23.4638
-22.8792
-22.2722
-21.642
-20.9888
-20.3143
-19.6201
-18.908
-18.1801
-17.4387
-16.6865
-15.9262
-15.161
-14.3939
-13.6284
-12.8676
-12.1149
-11.3735
-10.6463
-9.93618
-9.24582
-8.57747
-7.93315
-7.3145
-6.72285
-6.15918
-5.62415
-5.11807
-4.641
-4.19271
-3.77277
-3.38052
-3.01517
-2.67579
-2.36134
-2.07073
-1.80283
-1.55648
-1.33052
-1.12383
-0.9353
-0.763867
-0.608502
-0.468223
-0.342085
-0.229185
-0.12866
-0.0396949
0.0384723
0.106542
0.165151
0.214867
0.256195
0.289571
0.315375
0.333939
0.345559
0.350524
0.349113
0.341617
0.328362
0.309694
0.28594
0.257459
0.224552
0.18748
0.148121
0.102894
0.10583
-0.047899
-23.554
-23.1748
-22.7853
-22.3657
-21.9191
-21.4519
-20.9647
-20.4557
-19.9249
-19.373
-18.801
-18.21
-17.6011
-16.9758
-16.3358
-15.6833
-15.0203
-14.3495
-13.6733
-12.9946
-12.316
-11.6406
-10.9712
-10.3106
-9.66141
-9.0263
-8.40757
-7.80734
-7.22746
-6.66951
-6.13477
-5.62422
-5.13859
-4.67829
-4.24349
-3.83414
-3.44995
-3.09048
-2.75513
-2.44317
-2.15378
-1.88606
-1.63908
-1.41188
-1.20348
-1.01292
-0.839244
-0.681508
-0.5388
-0.410233
-0.294954
-0.192144
-0.101032
-0.0208962
0.0489283
0.10905
0.160018
0.202327
0.236416
0.26268
0.281473
0.29312
0.297926
0.296184
0.288208
0.274326
0.254909
0.230381
0.201323
0.167969
0.133582
0.0919073
0.0976539
-0.0667898
-21.6453
-21.3491
-21.0462
-20.7158
-20.3615
-19.9897
-19.6006
-19.1921
-18.7637
-18.3157
-17.8487
-17.3629
-16.859
-16.3379
-15.8004
-15.2481
-14.6823
-14.1048
-13.5176
-12.9226
-12.3222
-11.7187
-11.1147
-10.5126
-9.915
-9.32437
-8.74313
-8.17356
-7.61777
-7.07771
-6.55509
-6.05139
-5.56783
-5.10538
-4.66478
-4.2465
-3.8508
-3.47772
-3.12713
-2.7987
-2.49199
-2.20643
-1.94137
-1.69609
-1.4698
-1.2617
-1.07095
-0.896715
-0.738158
-0.594447
-0.464767
-0.348328
-0.244369
-0.15217
-0.0710568
-0.000402052
0.0603724
0.111792
0.15434
0.188457
0.214551
0.233004
0.244176
0.248413
0.24606
0.237467
0.223016
0.20312
0.178422
0.149194
0.118586
0.0816312
0.069078
-0.0406988
-19.8356
-19.6045
-19.3694
-19.1098
-18.8293
-18.5342
-18.2246
-17.8983
-17.5543
-17.1929
-16.8141
-16.4181
-16.0048
-15.5746
-15.1281
-14.666
-14.1891
-13.6987
-13.1959
-12.6822
-12.1594
-11.6293
-11.0938
-10.5551
-10.0153
-9.47666
-8.94141
-8.41179
-7.88995
-7.37794
-6.87771
-6.391
-5.91941
-5.4643
-5.02684
-4.60796
-4.2084
-3.82867
-3.46905
-3.12968
-2.8105
-2.5113
-2.23177
-1.97147
-1.72985
-1.50633
-1.30026
-1.11094
-0.937658
-0.779677
-0.636261
-0.506678
-0.390211
-0.286164
-0.193876
-0.112718
-0.0421039
0.0185149
0.0696444
0.111757
0.145298
0.17069
0.188339
0.198647
0.202012
0.198843
0.189575
0.174661
0.154757
0.130258
0.103499
0.0717334
0.0460957
-0.00910302
-18.1408
-17.9605
-17.7783
-17.5743
-17.3524
-17.1186
-16.8728
-16.6128
-16.3377
-16.0473
-15.7418
-15.4208
-15.0841
-14.7317
-14.3639
-13.9809
-13.5831
-13.1711
-12.7458
-12.3081
-11.8591
-11.4002
-10.9327
-10.4583
-9.97878
-9.49596
-9.01179
-8.52825
-8.04735
-7.57108
-7.10138
-6.64011
-6.18901
-5.74971
-5.32366
-4.91212
-4.5162
-4.1368
-3.7746
-3.43014
-3.10375
-2.79559
-2.50569
-2.23392
-1.98004
-1.74371
-1.5245
-1.3219
-1.13538
-0.964324
-0.80812
-0.666127
-0.537702
-0.422204
-0.319008
-0.227511
-0.147131
-0.0773225
-0.0175638
0.0326362
0.0737464
0.10622
0.130498
0.14702
0.156232
0.158595
0.154605
0.144785
0.129824
0.110269
0.0877749
0.061202
0.0345543
0.005097
-16.5631
-16.4223
-16.2812
-16.1209
-15.9452
-15.7599
-15.565
-15.3583
-15.1387
-14.9062
-14.6606
-14.4015
-14.1287
-13.8418
-13.5408
-13.2257
-12.8967
-12.5539
-12.1978
-11.8288
-11.4477
-11.0553
-10.6525
-10.2407
-9.82095
-9.39482
-8.96382
-8.52962
-8.09395
-7.65859
-7.22534
-6.796
-6.37231
-5.95597
-5.54857
-5.15158
-4.76634
-4.39402
-4.03567
-3.69211
-3.36404
-3.05196
-2.75623
-2.47705
-2.21447
-1.96844
-1.73877
-1.52521
-1.32738
-1.14488
-0.977232
-0.823926
-0.684422
-0.558166
-0.444597
-0.343159
-0.253305
-0.174502
-0.106236
-0.0480117
0.000655527
0.0402382
0.0712047
0.0940255
0.109183
0.11718
0.118562
0.113916
0.10396
0.0893789
0.0714281
0.0500779
0.027264
0.00707284
-15.1061
-14.996
-14.8867
-14.7605
-14.6213
-14.4744
-14.3199
-14.1556
-13.9806
-13.7947
-13.5978
-13.3893
-13.169
-12.9365
-12.6915
-12.4338
-12.1634
-11.8803
-11.5845
-11.2763
-10.9559
-10.6239
-10.2809
-9.92762
-9.5649
-9.19383
-8.81554
-8.43135
-8.04263
-7.65088
-7.25767
-6.86459
-6.47327
-6.08534
-5.70238
-5.32595
-4.95747
-4.59832
-4.24971
-3.91275
-3.58838
-3.27742
-2.9805
-2.69813
-2.43066
-2.17831
-1.94116
-1.71921
-1.51231
-1.32025
-1.14275
-0.979444
-0.829934
-0.693778
-0.57051
-0.459648
-0.360698
-0.273171
-0.196576
-0.130427
-0.0742436
-0.0275438
0.0101578
0.0393558
0.0605628
0.0743197
0.081212
0.0818803
0.0770663
0.0675687
0.0543772
0.0383757
0.0193982
0.00675851
-13.7597
-13.6734
-13.5887
-13.4892
-13.3786
-13.262
-13.1394
-13.0088
-12.8693
-12.7208
-12.5631
-12.3957
-12.2183
-12.0304
-11.8317
-11.6219
-11.4009
-11.1684
-10.9244
-10.6688
-10.4017
-10.1234
-9.83401
-9.53409
-9.22413
-8.90482
-8.57695
-8.24146
-7.8994
-7.55194
-7.20033
-6.84594
-6.49016
-6.13446
-5.78032
-5.42921
-5.08259
-4.74186
-4.40835
-4.0833
-3.76784
-3.46299
-3.16965
-2.88855
-2.62031
-2.36542
-2.12422
-1.89694
-1.68368
-1.48446
-1.29918
-1.12766
-0.969671
-0.824907
-0.693021
-0.573627
-0.466318
-0.370659
-0.286207
-0.212507
-0.149095
-0.0954947
-0.0512156
-0.0157486
0.0114417
0.0309275
0.0433305
0.0493397
0.0497199
0.0453703
0.0370843
0.0264573
0.011383
0.00698217
-12.5281
-12.4604
-12.3946
-12.3159
-12.2279
-12.1352
-12.0378
-11.9338
-11.8226
-11.7039
-11.5777
-11.4434
-11.3007
-11.1491
-10.9884
-10.8182
-10.6382
-10.4481
-10.2478
-10.0371
-9.81587
-9.58414
-9.34197
-9.08953
-8.8271
-8.55505
-8.27388
-7.98421
-7.68677
-7.38241
-7.07207
-6.75684
-6.43786
-6.11636
-5.79363
-5.47101
-5.14984
-4.83148
-4.51726
-4.20846
-3.90631
-3.61195
-3.32643
-3.05069
-2.78555
-2.53171
-2.28977
-2.06017
-1.84326
-1.63925
-1.44828
-1.27036
-1.10543
-0.953357
-0.813925
-0.686876
-0.571901
-0.468655
-0.37676
-0.29581
-0.225377
-0.165006
-0.114216
-0.0724951
-0.0392946
-0.0140196
0.0039814
0.0154403
0.0211482
0.022091
0.0189497
0.0137977
0.00352832
0.00641957
-11.3861
-11.3329
-11.2818
-11.2194
-11.1491
-11.0752
-10.9976
-10.9148
-10.8259
-10.731
-10.6299
-10.5222
-10.4075
-10.2854
-10.1556
-10.0178
-9.87166
-9.71685
-9.5531
-9.38021
-9.19796
-9.00624
-8.80495
-8.5941
-8.37374
-8.14405
-7.90527
-7.65776
-7.40197
-7.13848
-6.86794
-6.59116
-6.30901
-6.02246
-5.73259
-5.44051
-5.14742
-4.85453
-4.5631
-4.27437
-3.98955
-3.70984
-3.43635
-3.17015
-2.91221
-2.66339
-2.42447
-2.1961
-1.97883
-1.77308
-1.57919
-1.39737
-1.22774
-1.07034
-0.925122
-0.791952
-0.67065
-0.560972
-0.462624
-0.375272
-0.298538
-0.232005
-0.175215
-0.127664
-0.0888047
-0.0580268
-0.0346564
-0.0179261
-0.00701519
-0.000867458
0.00117035
0.00144849
-0.00337198
0.00535747
-10.3568
-10.3149
-10.275
-10.2254
-10.169
-10.1099
-10.048
-9.98175
-9.91064
-9.83461
-9.75351
-9.667
-9.57473
-9.47633
-9.37153
-9.26
-9.14142
-9.01549
-8.8819
-8.74041
-8.59075
-8.43271
-8.26612
-8.09087
-7.90688
-7.71416
-7.51277
-7.30286
-7.08468
-6.85855
-6.62491
-6.38429
-6.13731
-5.88471
-5.62729
-5.36598
-5.10175
-4.83565
-4.56878
-4.30226
-4.03726
-3.77492
-3.51637
-3.2627
-3.01497
-2.77415
-2.54114
-2.31676
-2.1017
-1.8966
-1.70196
-1.51817
-1.34556
-1.18433
-1.03458
-0.896356
-0.7696
-0.654192
-0.549941
-0.4566
-0.373861
-0.301363
-0.238684
-0.185347
-0.140812
-0.104469
-0.0756272
-0.0534929
-0.0372126
-0.0256731
-0.018184
-0.0122674
-0.0110871
0.00304694
-9.37893
-9.34584
-9.31486
-9.2752
-9.22987
-9.18249
-9.13294
-9.07992
-9.02293
-8.96195
-8.89686
-8.82737
-8.75315
-8.67393
-8.58942
-8.49934
-8.40337
-8.30124
-8.19265
-8.07733
-7.955
-7.82543
-7.68838
-7.54368
-7.39117
-7.23074
-7.06234
-6.88598
-6.70172
-6.50973
-6.31023
-6.10354
-5.89007
-5.67032
-5.44488
-5.21443
-4.97975
-4.74168
-4.50113
-4.25909
-4.01657
-3.77463
-3.53434
-3.29677
-3.06296
-2.83394
-2.61067
-2.39407
-2.18496
-1.9841
-1.79214
-1.60966
-1.43711
-1.27489
-1.12324
-0.982366
-0.85235
-0.733196
-0.624831
-0.527105
-0.439796
-0.362607
-0.29517
-0.237045
-0.187714
-0.146573
-0.112928
-0.0859634
-0.0647933
-0.048258
-0.0355879
-0.0242821
-0.0171002
0.0017238
-8.53581
-8.50958
-8.48505
-8.45306
-8.41637
-8.37813
-8.33818
-8.29543
-8.24943
-8.20019
-8.1476
-8.09142
-8.03138
-7.96722
-7.89869
-7.82554
-7.74751
-7.66432
-7.57571
-7.4814
-7.38113
-7.27465
-7.16171
-7.0421
-6.91561
-6.78207
-6.64135
-6.49336
-6.33805
-6.17546
-6.00565
-5.82878
-5.64509
-5.45488
-5.25854
-5.05655
-4.84949
-4.63799
-4.42279
-4.20468
-3.98453
-3.76327
-3.54184
-3.32125
-3.10248
-2.88656
-2.67444
-2.4671
-2.26543
-2.07027
-1.8824
-1.70251
-1.53122
-1.36903
-1.21638
-1.0736
-0.940901
-0.818443
-0.706268
-0.604337
-0.512523
-0.430613
-0.358303
-0.295204
-0.240834
-0.194608
-0.155834
-0.123686
-0.0972432
-0.075306
-0.0569956
-0.0398591
-0.0260916
-0.00193506
-7.66379
-7.64311
-7.62428
-7.59873
-7.5691
-7.53836
-7.50639
-7.47216
-7.43529
-7.39581
-7.35364
-7.30858
-7.26039
-7.20887
-7.1538
-7.09497
-7.03212
-6.96505
-6.89348
-6.81718
-6.7359
-6.64941
-6.55745
-6.4598
-6.35624
-6.24657
-6.1306
-6.00821
-5.87925
-5.74368
-5.60146
-5.45262
-5.29725
-5.13552
-4.96764
-4.79393
-4.61476
-4.43061
-4.24201
-4.04957
-3.854
-3.65605
-3.45655
-3.25634
-3.05636
-2.85752
-2.66077
-2.46703
-2.27724
-2.09225
-1.91293
-1.74003
-1.57427
-1.41628
-1.2666
-1.12569
-0.993909
-0.871518
-0.758688
-0.655486
-0.561887
-0.477759
-0.402877
-0.336909
-0.279419
-0.22985
-0.187522
-0.151604
-0.121143
-0.0949049
-0.0718836
-0.0497008
-0.0299489
-0.00184899
-7.01961
-7.00287
-6.9871
-6.96572
-6.9411
-6.91564
-6.88915
-6.86078
-6.83024
-6.79756
-6.76267
-6.7254
-6.68554
-6.64291
-6.59735
-6.54865
-6.49664
-6.44108
-6.38178
-6.31851
-6.25104
-6.17915
-6.10261
-6.02121
-5.93471
-5.84292
-5.74563
-5.64268
-5.53389
-5.41915
-5.29837
-5.1715
-5.03852
-4.8995
-4.75452
-4.60377
-4.44747
-4.28594
-4.11956
-3.94878
-3.77414
-3.59625
-3.41576
-3.23341
-3.05
-2.86635
-2.68333
-2.50182
-2.32271
-2.14688
-1.97518
-1.80845
-1.64744
-1.49289
-1.34542
-1.2056
-1.0739
-0.950705
-0.836287
-0.730832
-0.634408
-0.546986
-0.468417
-0.398441
-0.336674
-0.2826
-0.235558
-0.194719
-0.159097
-0.127422
-0.0985403
-0.0701861
-0.0431842
-0.0086851
-6.15225
-6.13954
-6.12845
-6.11205
-6.09266
-6.07274
-6.05219
-6.03017
-6.00641
-5.98096
-5.95377
-5.92471
-5.89359
-5.8603
-5.82467
-5.78655
-5.74577
-5.70216
-5.65553
-5.60567
-5.55242
-5.49556
-5.43488
-5.37019
-5.30127
-5.22793
-5.14996
-5.06718
-4.97942
-4.88651
-4.78833
-4.68476
-4.57574
-4.46123
-4.34124
-4.21584
-4.08513
-3.9493
-3.80858
-3.66329
-3.51379
-3.36054
-3.20406
-3.04491
-2.88375
-2.72128
-2.55826
-2.39547
-2.23372
-2.07384
-1.91665
-1.76298
-1.6136
-1.46928
-1.33069
-1.19847
-1.07316
-0.955239
-0.845072
-0.742927
-0.648974
-0.563261
-0.485724
-0.416168
-0.354269
-0.299555
-0.251393
-0.208957
-0.171233
-0.136909
-0.104668
-0.0722919
-0.0400609
-0.00339214
-5.79223
-5.78088
-5.76933
-5.75358
-5.73577
-5.71751
-5.69854
-5.67825
-5.65649
-5.63326
-5.60855
-5.58219
-5.55408
-5.52407
-5.49207
-5.45795
-5.42156
-5.38273
-5.34133
-5.29721
-5.25018
-5.20006
-5.14668
-5.08986
-5.0294
-4.96514
-4.89689
-4.82446
-4.74768
-4.6664
-4.58047
-4.48977
-4.39418
-4.29364
-4.18809
-4.07755
-3.96205
-3.84168
-3.71657
-3.58693
-3.45302
-3.31517
-3.17375
-3.02923
-2.88212
-2.73302
-2.58254
-2.43139
-2.28029
-2.12998
-1.98125
-1.83488
-1.69164
-1.55228
-1.41752
-1.28802
-1.1644
-1.04717
-0.936786
-0.833598
-0.737851
-0.64968
-0.569093
-0.495972
-0.430054
-0.370918
-0.317965
-0.27038
-0.227117
-0.186817
-0.147953
-0.108445
-0.0673264
-0.0203357
-4.72139
-4.71454
-4.70943
-4.70003
-4.68833
-4.67647
-4.66438
-4.65139
-4.63727
-4.62208
-4.60581
-4.58839
-4.56967
-4.54958
-4.528
-4.50481
-4.4799
-4.45319
-4.42448
-4.39366
-4.36059
-4.32514
-4.28713
-4.24641
-4.20281
-4.15616
-4.10629
-4.05304
-3.99623
-3.93571
-3.87132
-3.80292
-3.73037
-3.65358
-3.57244
-3.48691
-3.39695
-3.30258
-3.20385
-3.10086
-2.99377
-2.88276
-2.76811
-2.65014
-2.52923
-2.40582
-2.28044
-2.15362
-2.02597
-1.89814
-1.77082
-1.64471
-1.52051
-1.39894
-1.28068
-1.1664
-1.05671
-0.952161
-0.853236
-0.760331
-0.673749
-0.593679
-0.520197
-0.45324
-0.392606
-0.33792
-0.288614
-0.243884
-0.202648
-0.163462
-0.124576
-0.0837023
-0.0399212
0.00302936
-4.88876
-4.87951
-4.86803
-4.85334
-4.83765
-4.82177
-4.80524
-4.78766
-4.76899
-4.74928
-4.7285
-4.70649
-4.68324
-4.65861
-4.63259
-4.60507
-4.57598
-4.54517
-4.51259
-4.47813
-4.44163
-4.403
-4.36211
-4.31884
-4.27304
-4.2246
-4.17336
-4.1192
-4.06197
-4.00155
-3.93779
-3.87058
-3.7998
-3.72536
-3.64715
-3.56512
-3.47923
-3.38945
-3.2958
-3.19833
-3.09713
-2.99235
-2.88416
-2.77279
-2.65854
-2.54175
-2.42282
-2.30219
-2.18038
-2.05792
-1.93539
-1.81342
-1.69264
-1.5737
-1.45724
-1.34388
-1.23422
-1.12881
-1.02815
-0.932666
-0.842689
-0.758464
-0.680119
-0.607658
-0.540937
-0.479646
-0.42326
-0.371008
-0.321772
-0.274056
-0.225713
-0.174704
-0.116612
-0.0491122
-3.19234
-3.1908
-3.19187
-3.18965
-3.18548
-3.18134
-3.1773
-3.17281
-3.16763
-3.16184
-3.15544
-3.14841
-3.14063
-3.13207
-3.12263
-3.1122
-3.10073
-3.08817
-3.07434
-3.05917
-3.04261
-3.02453
-3.00483
-2.98338
-2.96007
-2.93478
-2.90737
-2.87773
-2.84572
-2.81121
-2.77407
-2.73419
-2.69142
-2.64568
-2.59684
-2.54483
-2.48956
-2.43099
-2.36908
-2.30383
-2.23529
-2.16348
-2.08855
-2.0106
-1.92984
-1.84649
-1.76087
-1.67328
-1.58411
-1.4938
-1.4028
-1.31162
-1.22079
-1.13087
-1.0424
-0.955946
-0.872037
-0.791181
-0.713841
-0.640422
-0.571258
-0.506596
-0.446584
-0.39125
-0.340484
-0.294007
-0.251327
-0.211684
-0.173915
-0.136327
-0.0964474
-0.0510344
0.000945875
0.0404335
-4.37948
-4.37072
-4.35654
-4.33933
-4.32216
-4.30512
-4.28732
-4.26849
-4.24878
-4.22825
-4.20687
-4.1845
-4.16114
-4.13669
-4.11118
-4.08457
-4.0568
-4.02775
-3.99747
-3.96589
-3.93286
-3.89835
-3.86228
-3.8246
-3.78521
-3.74405
-3.70102
-3.65606
-3.60907
-3.55997
-3.50867
-3.45509
-3.39915
-3.34077
-3.27988
-3.21641
-3.15031
-3.08154
-3.01006
-2.93587
-2.85895
-2.77937
-2.69719
-2.61248
-2.52541
-2.43608
-2.34476
-2.25164
-2.15702
-2.0612
-1.96456
-1.86747
-1.77036
-1.67367
-1.57786
-1.48338
-1.39071
-1.30028
-1.21252
-1.12781
-1.04648
-0.968793
-0.894943
-0.825019
-0.758989
-0.696671
-0.637689
-0.581376
-0.526572
-0.471687
-0.413261
-0.349157
-0.262627
-0.141906
-1.37487
-1.37456
-1.37846
-1.38045
-1.38059
-1.38068
-1.38112
-1.38148
-1.38156
-1.38132
-1.38096
-1.38036
-1.37954
-1.3784
-1.37682
-1.37475
-1.37216
-1.36917
-1.36549
-1.36112
-1.35611
-1.35036
-1.34382
-1.3364
-1.32804
-1.31867
-1.30822
-1.29662
-1.28378
-1.26964
-1.25411
-1.23711
-1.21857
-1.19842
-1.17658
-1.153
-1.1276
-1.10035
-1.07119
-1.04011
-1.00711
-0.972208
-0.935421
-0.896803
-0.856377
-0.814309
-0.770714
-0.725726
-0.679551
-0.632427
-0.584601
-0.536344
-0.487959
-0.439765
-0.392098
-0.345294
-0.299695
-0.255625
-0.213394
-0.173279
-0.135518
-0.100297
-0.0677389
-0.0378866
-0.0106869
0.014031
0.036629
0.0577149
0.078365
0.100589
0.127859
0.167009
0.210904
0.20588
-4.381
-4.37569
-4.35933
-4.34228
-4.3277
-4.31332
-4.29765
-4.28094
-4.2636
-4.24571
-4.22702
-4.20751
-4.18715
-4.16594
-4.14391
-4.12106
-4.09731
-4.07256
-4.04692
-4.02033
-3.99268
-3.96396
-3.93413
-3.90317
-3.87104
-3.8377
-3.80312
-3.76725
-3.73006
-3.69151
-3.65156
-3.61017
-3.56729
-3.52289
-3.47692
-3.42934
-3.38012
-3.3292
-3.27656
-3.22217
-3.16601
-3.10804
-3.04827
-2.98669
-2.92334
-2.85824
-2.79143
-2.723
-2.65302
-2.5816
-2.50887
-2.43496
-2.36007
-2.28438
-2.20812
-2.13153
-2.05484
-1.97833
-1.90225
-1.82687
-1.75244
-1.6792
-1.60736
-1.53708
-1.46847
-1.40158
-1.33632
-1.27248
-1.2092
-1.14595
-1.07564
-0.996413
-0.818219
-0.5225
1.17338
2.07697
2.86044
3.51783
4.06508
4.52415
4.91456
5.252
5.54849
5.81291
6.05167
6.26938
6.46931
6.65373
6.82413
6.98144
7.12618
7.25869
7.37925
7.48827
7.58636
7.67408
7.75039
7.81483
7.86821
7.91157
7.94588
7.9722
7.9916
8.00524
8.01414
8.01931
8.02163
8.0219
8.02077
8.01889
8.01672
8.01466
8.01307
8.012
8.01218
1.16624
2.05355
2.84593
3.53347
4.12129
4.6166
5.02596
5.35619
5.61414
5.80647
5.93951
6.0194
6.05209
6.04342
5.99918
5.92516
5.82707
5.7104
5.58026
5.44114
5.2968
5.15071
5.00682
4.86807
4.73639
4.613
4.49863
4.39355
4.29769
4.2107
4.13207
4.06123
3.99744
3.94007
3.88838
3.84186
3.79978
3.76166
3.727
3.69558
3.6665
1.15834
2.03755
2.82071
3.4893
4.0494
4.51012
4.8815
5.17533
5.40402
5.5797
5.71371
5.81639
5.89683
5.96269
6.02008
6.07345
6.12576
6.17856
6.23237
6.28698
6.34184
6.39595
6.44866
6.49861
6.54465
6.58611
6.62264
6.65412
6.68059
6.70227
6.71947
6.73255
6.74195
6.74807
6.75136
6.75212
6.75079
6.74764
6.74294
6.73678
6.72961
1.15459
2.04078
2.83025
3.5015
4.06794
4.5437
4.94169
5.27475
5.55446
5.79031
5.98968
6.15801
6.29912
6.41546
6.50866
6.57989
6.6303
6.66121
6.67423
6.67117
6.65396
6.62464
6.58678
6.5426
6.49395
6.44255
6.38987
6.33699
6.28472
6.23359
6.184
6.13618
6.0902
6.0461
6.00383
5.96338
5.92459
5.88738
5.85164
5.81735
5.78441
1.15364
2.05864
2.87064
3.56587
4.16222
4.67354
5.1103
5.48231
5.79801
6.06421
6.2866
6.4702
6.61973
6.73974
6.83467
6.9088
6.96608
7.00997
7.04329
7.06825
7.08653
7.0991
7.10822
7.1144
7.11771
7.11837
7.11659
7.11254
7.10635
7.09818
7.0882
7.07657
7.06348
7.04911
7.03365
7.01723
7.00004
6.98219
6.96386
6.94496
6.92609
1.15405
2.08595
2.92727
3.64996
4.27475
4.81447
5.27804
5.67465
6.01286
6.30026
6.54372
6.7495
6.92319
7.06957
7.19252
7.2951
7.37964
7.44787
7.50118
7.54065
7.56735
7.5819
7.58725
7.58466
7.57503
7.5595
7.5392
7.51508
7.48791
7.45836
7.42697
7.39422
7.36045
7.32599
7.29105
7.25587
7.22056
7.18523
7.15005
7.11492
7.08056
1.15616
2.12186
2.99687
3.74819
4.40081
4.96831
5.45997
5.88563
6.25432
6.57365
6.85003
7.08885
7.29458
7.47084
7.62065
7.74662
7.85111
7.93625
8.00405
8.05628
8.09461
8.12001
8.13604
8.14418
8.14529
8.14041
8.13054
8.1165
8.09892
8.07836
8.05529
8.03012
8.00321
7.97488
7.9454
7.91499
7.88387
7.85215
7.82013
7.78757
7.7556
1.16089
2.16768
3.08258
3.86773
4.5535
5.15466
5.68065
6.14134
6.54527
6.89926
7.20887
7.47887
7.71339
7.91602
8.08994
8.238
8.36272
8.4663
8.55062
8.61726
8.66766
8.70239
8.72527
8.73787
8.74114
8.73632
8.72468
8.7073
8.68504
8.6587
8.62894
8.59637
8.56148
8.52472
8.48645
8.447
8.40664
8.36554
8.32406
8.28198
8.24065
1.16895
2.22451
3.18638
4.0116
4.73612
5.37556
5.93918
6.43676
6.87657
7.26514
7.60786
7.90944
8.17403
8.40515
8.60584
8.77875
8.92615
9.05004
9.15219
9.23412
9.29733
9.34227
9.37327
9.39223
9.4003
9.39892
9.38955
9.37343
9.35157
9.32484
9.29403
9.2598
9.22274
9.18335
9.14208
9.09929
9.05533
9.01037
8.96488
8.91855
8.87304
1.181
2.29292
3.30856
4.17936
4.94711
5.62827
6.23217
6.76889
7.24684
7.67249
8.05113
8.38726
8.68479
8.94693
9.17646
9.3758
9.54708
9.69224
9.81301
9.91087
9.98736
10.0427
10.0816
10.1062
10.1179
10.1182
10.109
10.0915
10.0669
10.0365
10.0009
9.96122
9.91798
9.87184
9.82335
9.77296
9.72109
9.66796
9.61414
9.55929
9.50536
1.19785
2.37371
3.44979
4.37161
5.18726
5.91422
6.56218
7.14166
7.66125
8.12729
8.54483
8.91813
9.25083
9.54596
9.80608
10.0335
10.2302
10.3981
10.5388
10.6538
10.7445
10.8108
10.8579
10.8885
10.9039
10.9061
10.8969
10.8781
10.851
10.8169
10.7768
10.7318
10.6826
10.6299
10.5745
10.5168
10.4573
10.3964
10.3346
10.2716
10.2097
1.22053
2.46819
3.61176
4.59054
5.45937
6.23694
6.9333
7.55949
8.12426
8.63389
9.09322
9.50635
9.87677
10.2073
10.5004
10.7581
10.9823
11.1748
11.337
11.4703
11.576
11.654
11.7096
11.746
11.7648
11.7681
11.7582
11.7369
11.7059
11.6665
11.6202
11.568
11.5109
11.4498
11.3853
11.3182
11.249
11.1781
11.1062
11.0329
10.9607
1.2503
2.57811
3.79673
4.83887
5.76662
6.59991
7.34926
8.02632
8.6401
9.19689
9.70142
10.1576
10.5689
10.9378
11.2666
11.5572
11.8112
12.0302
12.2156
12.3685
12.4905
12.5806
12.645
12.6872
12.7089
12.7128
12.7012
12.6765
12.6404
12.5947
12.5409
12.4802
12.4138
12.3427
12.2679
12.1899
12.1096
12.0273
11.9439
11.859
11.7754
1.28869
2.70556
4.00734
5.11968
6.11248
7.00703
7.81443
8.54704
9.21425
9.82237
10.3761
10.8792
11.3348
11.7455
12.1131
12.4393
12.7257
12.9735
13.184
13.3582
13.4974
13.6004
13.6737
13.7213
13.7455
13.7489
13.7345
13.7049
13.6622
13.6084
13.5452
13.474
13.3963
13.3132
13.2258
13.1349
13.0413
12.9454
12.8484
12.7498
12.6525
1.33753
2.8531
4.24677
5.43673
6.50129
7.46324
8.33435
9.12782
9.85346
10.5177
11.1251
11.6793
12.1834
12.6396
13.0496
13.4147
13.7364
14.0155
14.2532
14.4503
14.6078
14.7242
14.8064
14.859
14.8846
14.8864
14.8678
14.8315
14.7803
14.7162
14.6413
14.5574
14.466
14.3685
14.2661
14.1599
14.0506
13.9389
13.8258
13.7113
13.5982
1.39909
3.02385
4.51896
5.79467
6.93842
7.97461
8.91578
9.7761
10.5658
11.2916
11.9578
12.568
13.1252
13.6313
14.0876
14.4954
14.8555
15.1688
15.4359
15.6576
15.8346
15.9646
16.0554
16.1122
16.138
16.1365
16.1115
16.0663
16.0039
15.9268
15.8375
15.738
15.6299
15.5151
15.3947
15.2701
15.1422
15.0117
14.8799
14.7465
14.6149
1.47612
3.22165
4.82872
6.19918
7.43039
8.54848
9.56688
10.5008
11.3611
12.1545
12.8854
13.5572
14.1728
14.7337
15.241
15.6955
16.0977
16.4481
16.7471
16.995
17.1923
17.3361
17.4348
17.4944
17.5184
17.5112
17.4771
17.4199
17.3431
17.2497
17.1424
17.0236
16.8953
16.7595
16.6176
16.4711
16.3211
16.1684
16.0144
15.859
15.7057
1.57205
3.45121
5.18191
6.65718
7.9851
9.19375
10.2975
11.3127
12.251
13.1191
13.9214
14.6613
15.3413
15.9627
16.5262
17.0319
17.4802
17.871
18.2043
18.4799
18.6981
18.8552
18.9604
19.0206
19.0402
19.024
18.9771
18.904
18.8086
18.6944
18.5647
18.4221
18.2691
18.1077
17.9399
17.7671
17.5908
17.4118
17.2317
17.0504
16.8716
1.69107
3.71832
5.58574
7.17711
8.61225
9.92124
11.1196
12.225
13.2497
14.2007
15.0823
15.8977
16.6491
17.3374
17.9628
18.525
19.0237
19.4582
19.8281
20.1327
20.3718
20.541
20.6503
20.7079
20.719
20.6893
20.6246
20.5302
20.4108
20.2703
20.1125
19.9405
19.7571
19.5648
19.3656
19.1615
18.9538
18.7436
18.5326
18.321
18.1125
1.83849
4.03015
6.04907
7.76938
9.32369
10.7443
12.048
13.2538
14.3748
15.4182
16.3881
17.2874
18.1183
18.8809
19.5749
20.1992
20.7529
21.2346
21.6432
21.9774
22.2365
22.4152
22.5248
22.5749
22.5719
22.5224
22.4332
22.3106
22.1599
21.9859
21.7928
21.5845
21.3639
21.1339
20.897
20.6551
20.4102
20.163
19.9157
19.6685
19.4251
2.02087
4.39564
6.58287
8.44686
10.1341
11.6794
13.1008
14.419
15.6478
16.7947
17.8635
18.8569
19.7764
20.6218
21.3917
22.0844
22.6978
23.2299
23.6786
24.0419
24.3185
24.5025
24.6063
24.6418
24.6167
24.5387
24.4161
24.256
24.0649
23.8482
23.611
23.3575
23.0913
22.8156
22.5331
22.2463
21.957
21.6662
21.3762
21.0874
20.8036
2.24662
4.82601
7.20096
9.22565
11.0619
12.7471
14.3008
15.7454
17.0957
18.3592
19.5394
20.6384
21.6575
22.5953
23.4495
24.217
24.895
25.4799
25.969
26.3592
26.6485
26.8304
26.9195
26.93
26.8714
26.7532
26.585
26.3754
26.132
25.8611
25.5685
25.2592
24.9372
24.6061
24.2689
23.9283
23.5866
23.2446
22.9046
22.5675
22.2368
2.52638
5.33554
7.92072
10.1261
12.1303
13.9734
15.6768
17.2647
18.7527
20.1484
21.4548
22.6733
23.8044
24.8456
25.793
26.6424
27.3889
28.0281
28.5556
28.9675
29.261
29.4293
29.4901
29.4606
29.3529
29.1784
28.9487
28.6739
28.3629
28.0234
27.6617
27.2837
26.8937
26.4958
26.0934
25.6894
25.2861
24.8844
24.4867
24.0941
23.7098
2.87391
5.94257
8.76446
11.1743
13.369
15.3917
17.2656
19.017
20.6624
22.2091
23.6594
25.0138
26.2715
27.4285
28.479
29.4165
30.2346
30.9268
31.4873
31.9109
32.1942
32.3311
32.3436
32.2528
32.0742
31.8219
31.5095
31.1494
30.7519
30.3257
29.8784
29.4162
28.9442
28.4665
27.9869
27.5085
27.0337
26.5633
26.0994
25.6435
25.1985
3.3072
6.67089
9.7612
12.4041
14.8166
17.0453
19.1152
21.055
22.8818
24.6025
26.2183
27.7279
29.1293
30.4158
31.579
32.61
33.4996
34.2391
34.8209
35.2389
35.489
35.5673
35.5022
35.3203
35.0412
34.6824
34.2604
33.7896
33.2822
32.7481
32.1957
31.632
31.0621
30.4906
29.9212
29.3572
28.8009
28.2526
27.7145
27.1881
26.676
3.84999
7.55201
10.9491
13.86
16.5243
18.9915
21.2893
23.4483
25.4864
27.4096
29.2169
30.9051
32.4694
33.9001
35.1849
36.3112
37.2667
38.0399
38.6214
39.0042
39.1848
39.164
38.9795
38.665
38.2458
37.7434
37.1775
36.5651
35.9198
35.253
34.5737
33.8893
33.2049
32.5247
31.8527
31.1919
30.5443
29.9097
29.2899
28.6863
28.1012
4.53417
8.62827
12.3797
15.6025
18.5609
21.308
23.8739
26.2914
28.5786
30.7398
32.7709
34.6652
36.4142
38.0031
39.4147
40.6315
41.6368
42.4165
42.9595
43.2592
43.3143
43.1346
42.7721
42.2694
41.6588
40.9664
40.2154
39.4252
38.6111
37.785
36.9563
36.1321
35.3173
34.5154
33.7298
32.9633
32.2172
31.4903
30.7838
30.0993
29.438
5.40335
9.95777
14.1236
17.7142
21.0217
24.1022
26.9885
29.7154
32.3003
34.7445
37.0389
39.1712
41.1272
42.885
44.4199
45.7081
46.7283
47.4635
47.9031
48.0433
47.8883
47.4643
46.8439
46.0806
45.2144
44.2765
43.2933
42.2859
41.2702
40.2582
39.2587
38.2778
37.319
36.385
35.478
34.5997
33.7507
32.9283
32.133
31.3658
30.6272
6.51849
11.6223
16.2807
20.3131
24.0423
27.5275
30.8039
33.9077
36.8541
39.6389
42.2447
44.6506
46.8329
48.7591
50.3947
51.7082
52.6739
53.2746
53.5038
53.3662
52.8779
52.0922
51.1106
49.9979
48.8022
47.5584
46.2948
45.0326
43.787
42.5683
41.3831
40.2356
39.1272
38.0581
37.0292
36.0407
35.0916
34.1774
33.2975
32.4523
31.6415
7.96591
13.7396
18.9966
23.5708
27.8217
31.8096
35.5716
39.1438
42.5364
45.7348
48.708
51.4206
53.8343
55.9013
57.5747
58.8152
59.5966
59.908
59.7563
59.1647
58.1711
56.8714
55.4039
53.8424
52.2399
50.6322
49.046
47.4999
46.0055
44.569
43.1933
41.879
40.6238
39.4251
38.2812
37.1904
36.1497
35.1526
34.1968
33.2822
32.4071
9.87631
16.484
22.4909
27.7513
32.6675
37.2979
41.6811
45.8497
49.8021
53.5051
56.9036
59.9386
62.5491
64.667
66.2327
67.2057
67.5704
67.3383
66.5468
65.2547
63.5352
61.5437
59.46
57.3576
55.2862
53.2763
51.3479
49.5122
47.7731
46.13
44.5796
43.1172
41.7357
40.4287
39.1915
38.0199
36.9085
35.8485
34.836
33.8699
32.9472
12.4189
20.0887
27.0632
33.2176
39.0047
44.4771
49.6716
54.6087
59.2623
63.5637
67.4163
70.7232
73.392
75.3345
76.4895
76.8363
76.3986
75.2405
73.4574
71.1642
68.4816
65.6356
62.839
60.1445
57.5853
55.1767
52.9247
50.8273
48.8769
47.0627
45.3735
43.7982
42.3242
40.9408
39.6402
38.4156
37.2598
36.1616
35.1155
34.1194
33.1693
15.7404
24.7185
32.9187
40.2124
47.1222
53.6773
59.9047
65.7947
71.2699
76.197
80.4126
83.7683
86.1431
87.4509
87.6689
86.8463
85.0964
82.5771
79.468
75.9495
72.1839
68.4557
64.9791
61.7581
58.793
56.0753
53.591
51.3207
49.2422
47.3339
45.5758
43.9505
42.4405
41.0314
39.7131
38.477
37.3144
36.2124
35.1648
34.168
33.217
19.8373
30.3803
40.0573
48.7426
57.0304
64.9064
72.3689
79.3416
85.6513
91.06
95.3155
98.2275
99.6868
99.6769
98.2929
95.7266
92.2314
88.0814
83.535
78.8125
74.0815
69.6404
65.6638
62.0869
58.8701
55.9799
53.3826
51.0419
48.9222
46.9926
45.2267
43.6024
42.0992
40.7005
39.3955
38.1751
37.0304
35.9486
34.9225
33.9483
33.02
24.7323
37.1818
48.6774
59.0906
69.0803
78.562
87.4589
95.5596
102.53
107.989
111.611
113.24
112.888
110.735
107.095
102.361
96.9358
91.1785
85.3715
79.7137
74.3238
69.4624
65.2343
61.5063
58.2064
55.2844
52.6917
50.378
48.2972
46.4118
44.6913
43.1111
41.6491
40.2889
39.0197
37.8338
36.7232
35.6763
34.687
33.7509
32.8607
30.4535
45.24
59.0082
71.5906
83.6836
95.0844
105.534
114.584
121.673
126.293
128.173
127.371
124.213
119.209
112.948
106.001
98.8464
91.8324
85.1783
78.9943
73.3077
68.3074
64.0286
60.2929
57.0168
54.1457
51.6219
49.3837
47.3777
45.5631
43.9078
42.386
40.9758
39.6612
38.4334
37.2865
36.2153
35.2104
34.2676
33.3835
32.5506
37.04
54.7335
71.369
86.6955
101.353
114.917
126.78
136.136
142.205
144.54
143.224
138.823
132.144
124.059
115.352
106.631
98.3085
90.6101
83.6207
77.3294
71.6668
66.7524
62.5683
58.9255
55.7519
52.9982
50.5969
48.4744
46.5728
44.8503
43.2746
41.8195
40.4639
39.1941
38.0035
36.8895
35.85
34.8798
33.979
33.1467
32.3758
44.4896
65.8451
86.1236
104.918
122.596
138.294
150.873
159.126
162.317
160.529
154.647
145.961
135.731
125.012
114.551
104.807
95.9938
88.1579
81.2391
75.1217
69.6636
64.9262
60.8739
57.3403
54.2856
51.6662
49.3984
47.3968
45.6019
43.9736
42.4787
41.0913
39.7915
38.5673
37.4143
36.3329
35.3252
34.3913
33.5355
32.7641
32.0713
52.737
78.772
103.696
126.775
147.723
164.904
176.561
181.384
179.393
171.883
160.844
148.162
135.207
122.87
111.626
101.655
92.9461
85.3834
78.8031
73.0253
67.867
63.3588
59.4554
56.044
53.1302
50.6652
48.5392
46.6571
44.9632
43.4193
41.9923
40.657
39.3956
38.1983
37.0634
35.9944
34.9973
34.0779
33.2472
32.5226
31.9027
61.6428
93.7616
124.657
152.778
176.583
193.431
201.32
199.808
190.711
176.975
161.431
145.972
131.58
118.707
107.47
97.7917
89.4962
82.3748
76.2165
70.8136
65.9608
61.6467
57.853
54.5452
51.7764
49.4722
47.4894
45.7286
44.1407
42.6881
41.3366
40.062
38.8483
37.687
36.578
35.5278
34.5459
33.6443
32.8378
32.164
31.6186
70.9536
111.136
149.639
183.035
207.935
221.116
221.631
211.434
194.841
176.037
157.765
141.202
126.649
114.102
103.405
94.3235
86.6018
79.9964
74.2836
69.2464
64.6675
60.5191
56.7929
53.5668
50.9326
48.7667
46.8936
45.2192
43.7041
42.3099
41.0022
39.759
38.5655
37.4147
36.3079
35.2543
34.2651
33.3584
32.5503
31.907
31.4113
80.2382
131.354
179.17
216.65
238.923
243.971
234.052
214.694
192.171
170.548
151.445
135.015
120.984
109.095
99.0685
90.6144
83.457
77.3493
72.0704
67.3977
63.0991
59.0871
55.4188
52.2999
49.8364
47.8328
46.0887
44.5215
43.1001
41.7824
40.5356
39.3399
38.1817
37.055
35.9623
34.9151
33.9262
33.0196
32.206
31.5931
31.1118
88.8395
155.208
213.236
251.101
265.317
258.311
237.251
210.866
185.471
163.512
145.087
129.57
116.445
105.383
96.0769
88.226
81.5626
75.8537
70.8931
66.4615
62.3181
58.3494
54.6495
51.5818
49.2342
47.3285
45.6547
44.1458
42.7762
41.4975
40.28
39.1049
37.959
36.837
35.7415
34.6867
33.6848
32.765
31.9284
31.3298
30.8089
96.1142
183.638
250.126
281.9
282.674
262.19
232.078
202.055
176.381
155.338
137.96
123.39
111.129
100.862
92.2707
85.0518
78.9412
73.7108
69.1612
65.0675
61.172
57.29
53.6171
50.6753
48.4958
46.7185
45.1396
43.7089
42.407
41.1785
40.0012
38.8558
37.73
36.6193
35.5268
34.4692
33.4581
32.5271
31.6645
31.0733
30.438
101.104
217.446
286.185
304.493
289.337
257.599
223.033
193.184
169.245
149.858
133.713
120.057
108.507
98.7896
90.6131
83.7051
77.8319
72.788
68.3922
64.4179
60.5892
56.6649
52.9225
50.0482
47.9788
46.2801
44.7619
43.3829
42.127
40.9301
39.7796
38.6532
37.5396
36.4347
35.3414
34.2788
33.2574
32.314
31.425
30.8316
29.9967
105.338
255.216
315.757
315.325
285.467
246.209
210.381
181.971
159.802
141.853
126.917
114.385
103.874
95.0725
87.6725
81.4071
76.0557
71.4292
67.3657
63.6426
59.9744
56.0613
52.2973
49.5252
47.5646
45.934
44.4706
43.1381
41.9231
40.7522
39.6244
38.5126
37.4076
36.3057
35.2089
34.1402
33.1073
32.1504
31.2383
30.6399
29.538
101.805
292.411
335.347
316.19
277.254
237.107
203.78
177.789
157.051
139.792
125.185
112.825
102.436
93.7446
86.4583
80.3157
75.0934
70.5987
66.6673
63.0601
59.4641
55.5173
51.7282
49.0693
47.2142
45.6423
44.2236
42.9282
41.7462
40.5955
39.4875
38.3884
37.2922
36.1948
35.0975
34.027
32.9877
32.0239
31.0966
30.5149
29.2451
109.18
323.865
341.888
306.945
259.716
219.419
188.832
165.517
146.911
131.476
118.534
107.638
98.4338
90.6634
84.0853
78.4862
73.681
69.5085
65.8302
62.4145
58.9376
54.9743
51.1522
48.5799
46.8241
45.3198
43.9534
42.6992
41.5528
40.4249
39.3374
38.2519
37.1649
36.0725
34.9745
33.9018
32.8551
31.8829
30.942
30.3444
29.3143
8.01129
8.00178
7.97566
7.94769
7.92323
7.89939
7.87389
7.84699
7.81938
7.79114
7.7621
7.73219
7.70142
7.66984
7.63733
7.60401
7.56979
7.53478
7.49882
7.46207
7.4245
7.38601
7.34661
7.30629
7.26506
7.22286
7.17969
7.1355
7.09027
7.04393
6.99646
6.94776
6.89779
6.84646
6.79367
6.73933
6.68333
6.62554
6.56583
6.50407
6.4401
6.37375
6.30487
6.23325
6.15874
6.08118
6.00035
5.91612
5.82832
5.73679
5.64137
5.54194
5.43839
5.33061
5.21852
5.10205
4.98113
4.8557
4.7257
4.59102
4.45155
4.30706
4.15727
4.00168
3.83959
3.6699
3.49089
3.29999
3.09236
2.86121
2.58622
2.24377
1.68261
0.839475
3.6468
3.64147
3.644
3.64589
3.64522
3.64387
3.64284
3.64182
3.64045
3.63867
3.63657
3.63416
3.63135
3.62816
3.62459
3.62054
3.61598
3.61079
3.60511
3.59864
3.5914
3.58345
3.57473
3.56517
3.55469
3.54328
3.53085
3.51736
3.50275
3.48697
3.46994
3.4516
3.4319
3.41075
3.3881
3.36388
3.33802
3.31045
3.28113
3.24996
3.21692
3.18191
3.14492
3.10591
3.06483
3.02167
2.9764
2.92906
2.87962
2.82814
2.77467
2.71928
2.66201
2.60295
2.54217
2.47975
2.41573
2.35015
2.28296
2.2141
2.14338
2.07051
1.995
1.91616
1.83293
1.74383
1.64657
1.53787
1.41191
1.26124
1.06568
0.814862
0.428045
0.11606
6.72147
6.71831
6.70999
6.69929
6.6888
6.67834
6.6671
6.65487
6.64177
6.62783
6.61298
6.5971
6.58016
6.56203
6.54269
6.52205
6.50007
6.47663
6.45164
6.42507
6.39681
6.36673
6.33473
6.3007
6.26455
6.22616
6.18543
6.14221
6.09641
6.04789
5.99653
5.9422
5.88479
5.82415
5.76019
5.69278
5.6218
5.54716
5.46875
5.38649
5.3003
5.21011
5.11589
5.01761
4.91527
4.8089
4.69854
4.58432
4.46631
4.34468
4.21961
4.09132
3.96004
3.82604
3.68958
3.55096
3.41043
3.26827
3.12468
2.97981
2.83372
2.68634
2.53742
2.38648
2.23267
2.07469
1.9105
1.73715
1.54966
1.34206
1.10072
0.82267
0.469237
0.146041
5.76117
5.75503
5.75087
5.74432
5.73626
5.7281
5.71992
5.71133
5.70218
5.69249
5.68231
5.67158
5.66023
5.64825
5.63559
5.62218
5.60796
5.59286
5.57685
5.55979
5.54162
5.52228
5.50167
5.4797
5.45625
5.43122
5.40449
5.37593
5.3454
5.31276
5.27787
5.24059
5.20076
5.15822
5.11284
5.06444
5.0129
4.95804
4.89976
4.83789
4.77236
4.70304
4.62987
4.55279
4.47179
4.38685
4.29803
4.20539
4.10902
4.00906
3.90568
3.79907
3.68942
3.57698
3.46197
3.34461
3.2251
3.1036
2.98023
2.85499
2.72779
2.59841
2.46639
2.33104
2.19133
2.04574
1.8921
1.72742
1.54709
1.34588
1.11275
0.845277
0.50549
0.175885
6.91011
6.90645
6.9017
6.8943
6.88592
6.87742
6.86846
6.85869
6.84803
6.8365
6.82408
6.81064
6.79612
6.78041
6.76344
6.74509
6.7253
6.70391
6.68084
6.65596
6.62916
6.60026
6.56915
6.53567
6.49967
6.46098
6.41943
6.37485
6.32707
6.2759
6.22117
6.1627
6.10032
6.03386
5.96317
5.88809
5.80848
5.72424
5.63525
5.54145
5.44279
5.33925
5.23088
5.11773
4.99991
4.87759
4.75094
4.62024
4.48576
4.34783
4.20684
4.06317
3.91726
3.76952
3.6204
3.4703
3.3196
3.16861
3.01758
2.86665
2.71579
2.56485
2.41341
2.26078
2.10594
1.94737
1.78294
1.60981
1.42369
1.22004
0.989105
0.730437
0.410766
0.130627
7.05435
7.04825
7.04316
7.0348
7.02473
7.01455
7.00415
6.99302
6.981
6.96814
6.95443
6.93978
6.92411
6.90732
6.88934
6.87008
6.84942
6.82726
6.80349
6.77799
6.75063
6.72125
6.68973
6.65588
6.61956
6.58057
6.53874
6.49387
6.44577
6.39424
6.33909
6.2801
6.21708
6.14983
6.07817
6.00191
5.92089
5.83496
5.744
5.64793
5.54668
5.44023
5.3286
5.21186
5.09013
4.96356
4.83238
4.69687
4.55731
4.41409
4.26759
4.11824
3.96648
3.81277
3.65756
3.50127
3.34428
3.18692
3.02943
2.87194
2.71444
2.55675
2.39848
2.23898
2.07724
1.91188
1.7409
1.56177
1.37072
1.16399
0.933367
0.680536
0.377288
0.119451
7.72965
7.72393
7.7187
7.70984
7.6992
7.68833
7.67707
7.66485
7.6515
7.63706
7.6215
7.6047
7.58653
7.56688
7.54566
7.52272
7.49794
7.47116
7.44225
7.41104
7.37736
7.34103
7.30187
7.25968
7.21425
7.16537
7.11283
7.05641
6.9959
6.93106
6.8617
6.7876
6.70856
6.62439
6.53493
6.44001
6.33953
6.23339
6.12153
6.00395
5.88068
5.75181
5.61748
5.47788
5.33326
5.18394
5.03027
4.87269
4.71164
4.54762
4.38117
4.21284
4.04317
3.8727
3.70196
3.53142
3.36148
3.19247
3.0246
2.85798
2.69254
2.52802
2.36396
2.19963
2.03397
1.86555
1.69242
1.51216
1.32129
1.1166
0.890856
0.646865
0.357981
0.115755
8.20778
8.20023
8.19396
8.1834
8.17057
8.15746
8.14395
8.12936
8.11347
8.09632
8.07789
8.05805
8.03665
8.01357
7.98869
7.96186
7.93293
7.90174
7.86813
7.8319
7.79288
7.75085
7.70561
7.65693
7.60459
7.54836
7.48801
7.42329
7.35398
7.27984
7.20064
7.11616
7.0262
6.93057
6.82911
6.72169
6.6082
6.4886
6.36287
6.23105
6.09324
5.94959
5.80031
5.64567
5.48603
5.32176
5.15333
4.98125
4.80606
4.62834
4.4487
4.26775
4.08609
3.90432
3.72297
3.54256
3.36348
3.18608
3.01057
2.83702
2.66536
2.49532
2.32642
2.15794
1.98883
1.81771
1.64274
1.46166
1.2713
1.06892
0.847922
0.612019
0.334968
0.109171
8.83626
8.82753
8.82019
8.80799
8.79315
8.77789
8.76209
8.74495
8.72623
8.70596
8.68411
8.6605
8.63497
8.60737
8.57755
8.54533
8.51053
8.47295
8.43239
8.38864
8.34147
8.29064
8.23592
8.17705
8.1138
8.04589
7.9731
7.89515
7.81181
7.72285
7.62804
7.52718
7.4201
7.30664
7.1867
7.0602
6.92712
6.7875
6.64141
6.48902
6.33053
6.16622
5.99644
5.82161
5.64219
5.45872
5.27177
5.08196
4.88996
4.69641
4.50201
4.30741
4.11325
3.92013
3.7286
3.5391
3.35203
3.16766
2.98612
2.80743
2.63143
2.45779
2.28596
2.11516
1.94435
1.77215
1.59677
1.4161
1.22721
1.02774
0.81152
0.583132
0.316167
0.104972
9.46187
9.45088
9.44167
9.42688
9.40893
9.39042
9.3712
9.35039
9.32769
9.30312
9.27664
9.24805
9.21716
9.18378
9.14775
9.10885
9.06687
9.0216
8.97279
8.92021
8.8636
8.80269
8.73721
8.66692
8.59152
8.51076
8.42437
8.3321
8.23371
8.12897
8.01768
7.89966
7.77479
7.64296
7.50412
7.35829
7.20552
7.04595
6.87977
6.70724
6.5287
6.34457
6.15531
5.96147
5.76363
5.56245
5.35862
5.15285
4.94586
4.7384
4.53118
4.32488
4.12017
3.91762
3.71775
3.52099
3.32766
3.13797
2.952
2.76968
2.59081
2.41497
2.24156
2.06979
1.89855
1.7265
1.55191
1.37277
1.18633
0.990549
0.779524
0.558628
0.300645
0.102662
10.1596
10.146
10.1344
10.1165
10.0948
10.0723
10.049
10.0236
9.99599
9.96608
9.9338
9.89896
9.8613
9.82062
9.77671
9.72933
9.67822
9.62314
9.56382
9.49998
9.43134
9.35762
9.27852
9.19376
9.10306
9.00615
8.90275
8.79264
8.67558
8.5514
8.41993
8.28106
8.13473
7.98093
7.81971
7.65119
7.47556
7.29309
7.1041
6.90902
6.70833
6.50259
6.29242
6.07849
5.86153
5.64229
5.42156
5.20012
4.97877
4.75826
4.53931
4.32262
4.1088
3.89837
3.69181
3.48944
3.29151
3.09814
2.90932
2.7249
2.54457
2.36786
2.19412
2.02247
1.85184
1.68088
1.50789
1.331
1.14757
0.955879
0.750148
0.536508
0.286611
0.100854
10.9024
10.8852
10.8703
10.8481
10.8216
10.794
10.7651
10.7339
10.6999
10.6631
10.6235
10.5807
10.5345
10.4846
10.4309
10.373
10.3106
10.2435
10.1713
10.0938
10.0106
9.92154
9.82619
9.72428
9.61555
9.49972
9.37655
9.24584
9.1074
8.96111
8.80688
8.64469
8.47458
8.29665
8.11108
7.91813
7.71814
7.51153
7.29878
7.08048
6.85726
6.62983
6.39895
6.16542
5.93008
5.69376
5.45732
5.22159
4.98738
4.75546
4.52651
4.30119
4.08004
3.86352
3.652
3.44573
3.24484
3.04936
2.85918
2.67403
2.49355
2.31718
2.14419
1.9737
1.80459
1.63552
1.46485
1.29079
1.11084
0.923494
0.723073
0.516413
0.273957
0.0993366
11.7077
11.6859
11.6667
11.6392
11.6065
11.5724
11.5367
11.4981
11.4561
11.4107
11.3618
11.309
11.2522
11.1909
11.1249
11.0539
10.9776
10.8956
10.8077
10.7135
10.6127
10.5049
10.3899
10.2674
10.1371
9.99886
9.85238
9.69755
9.53426
9.36248
9.18224
8.99362
8.79682
8.59207
8.37972
8.1602
7.93402
7.70177
7.46412
7.2218
6.97562
6.72642
6.47509
6.22254
5.96967
5.71739
5.46658
5.21809
4.97269
4.73111
4.49399
4.26189
4.03526
3.81446
3.59974
3.39123
3.18897
2.99286
2.80267
2.61808
2.43859
2.26359
2.09232
1.92382
1.75699
1.59049
1.42272
1.25197
1.07584
0.893044
0.69794
0.498021
0.262544
0.0980346
12.5737
12.5461
12.5212
12.4868
12.4464
12.404
12.3596
12.3116
12.2595
12.2032
12.1427
12.0775
12.0074
11.932
11.8509
11.7638
11.6705
11.5704
11.4634
11.3491
11.2271
11.0971
10.9588
10.8121
10.6567
10.4923
10.319
10.1366
9.94516
9.74477
9.53558
9.31786
9.09194
8.85827
8.61736
8.36984
8.1164
7.8578
7.59491
7.32861
7.05985
6.78958
6.5188
6.24849
5.97959
5.71303
5.44967
5.19033
4.93573
4.68652
4.44322
4.2063
3.97608
3.75281
3.5366
3.32747
3.12531
2.92992
2.74098
2.55804
2.38056
2.20784
2.03907
1.87329
1.70934
1.54593
1.38149
1.2144
1.04233
0.864216
0.674392
0.480979
0.25208
0.0968481
13.5066
13.4714
13.439
13.3958
13.3457
13.293
13.2376
13.1778
13.113
13.0433
12.9683
12.8877
12.8012
12.7083
12.6087
12.5021
12.388
12.2661
12.1361
11.9977
11.8505
11.6942
11.5286
11.3536
11.169
10.9747
10.7708
10.5573
10.3343
10.1021
9.86117
9.61182
9.35462
9.09023
8.81937
8.54285
8.26156
7.97646
7.68854
7.39884
7.10842
6.81834
6.52962
6.24328
5.96026
5.68146
5.40769
5.13968
4.87806
4.62334
4.37595
4.1362
3.90428
3.68029
3.46422
3.25595
3.05525
2.86181
2.6752
2.4949
2.32028
2.1506
1.985
1.82248
1.66192
1.50202
1.34126
1.17808
1.01023
0.836839
0.652217
0.465077
0.242384
0.0957636
14.5081
14.4633
14.4212
14.3669
14.3045
14.2388
14.1696
14.0951
14.0146
13.9281
13.8352
13.7357
13.6291
13.5149
13.3928
13.2624
13.1234
12.9754
12.8181
12.6511
12.4743
12.2873
12.0902
11.8827
11.6648
11.4367
11.1984
10.9503
10.6927
10.4261
10.1509
9.86794
9.5779
9.28167
8.98017
8.67441
8.36547
8.05445
7.74248
7.43071
7.12026
6.81222
6.50763
6.20749
5.91269
5.62404
5.34225
5.06793
4.80158
4.54357
4.29417
4.05354
3.82172
3.59868
3.38425
3.17819
2.98016
2.78973
2.6064
2.42956
2.25853
2.0925
1.9306
1.77182
1.61501
1.45892
1.30207
1.14297
0.979441
0.810778
0.631256
0.450162
0.23333
0.0947936
15.581
15.5239
15.4694
15.4011
15.3233
15.2414
15.155
15.0622
14.9622
14.8549
14.7402
14.6175
14.4863
14.3463
14.1972
14.0384
13.8697
13.6907
13.5012
13.3009
13.0897
12.8675
12.6342
12.3898
12.1347
11.8689
11.5929
11.3071
11.0121
10.7087
10.3975
10.0796
9.75587
9.42741
9.09537
8.76093
8.42531
8.08973
7.75542
7.42357
7.09531
6.77173
6.45383
6.1425
5.83855
5.54266
5.2554
4.97723
4.70848
4.44936
4.19997
3.96033
3.73031
3.50972
3.29829
3.09564
2.90133
2.71484
2.53558
2.36288
2.196
2.03412
1.87633
1.72161
1.56885
1.4168
1.26401
1.10909
0.949917
0.785948
0.611398
0.436128
0.22483
0.0939384
16.7258
16.6532
16.5828
16.4968
16.4
16.2979
16.1902
16.0748
15.9508
15.8182
15.6767
15.5259
15.3653
15.1944
15.0129
14.8204
14.6167
14.4016
14.1747
13.9361
13.6856
13.4233
13.1494
12.8641
12.5677
12.2609
11.9441
11.6181
11.2837
10.942
10.5938
10.2405
9.88306
9.52293
9.16136
8.79968
8.43921
8.08124
7.72701
7.37772
7.03446
6.69823
6.36993
6.05033
5.74008
5.43969
5.14958
4.87001
4.60114
4.343
4.09554
3.85858
3.63189
3.41512
3.20787
3.00966
2.81996
2.63815
2.4636
2.29558
2.13332
1.97597
1.82259
1.67219
1.52365
1.37577
1.22715
1.07645
0.921618
0.762271
0.592546
0.422884
0.216811
0.0931868
17.9417
17.8496
17.759
17.6511
17.5306
17.4036
17.2697
17.1266
16.9735
16.8102
16.6365
16.4519
16.2561
16.0485
15.829
15.5972
15.3529
15.096
14.8264
14.5442
14.2495
13.9427
13.6239
13.2938
12.953
12.6023
12.2424
11.8745
11.4995
11.1188
10.7337
10.3454
9.95537
9.56508
9.17594
8.78934
8.40665
8.02917
7.65811
7.29456
6.93954
6.59389
6.25837
5.93357
5.61995
5.31784
5.02744
4.74884
4.48201
4.2268
3.983
3.75028
3.52825
3.31646
3.1144
2.92148
2.73711
2.5606
2.39127
2.22835
2.07103
1.91846
1.76971
1.62379
1.4796
1.33597
1.19155
1.04507
0.894525
0.739701
0.57464
0.410369
0.209229
0.0925281
19.2248
19.1084
18.9925
18.8574
18.708
18.5505
18.3846
18.208
18.0196
17.8195
17.6074
17.3829
17.1457
16.8952
16.6315
16.3543
16.0636
15.7594
15.4418
15.1111
14.7677
14.4121
14.0449
13.6669
13.2791
12.8825
12.4783
12.0677
11.6521
11.233
10.8119
10.3904
9.96986
9.55196
9.13814
8.72982
8.32832
7.93486
7.55056
7.17638
6.81315
6.46154
6.1221
5.79522
5.48114
5.17999
4.89176
4.61635
4.35353
4.10301
3.8644
3.63724
3.42103
3.2152
3.01914
2.83222
2.65374
2.48299
2.31924
2.16171
2.00958
1.86198
1.71799
1.57663
1.43683
1.29748
1.15724
1.01494
0.868606
0.718188
0.557619
0.398525
0.202039
0.0919506
20.5687
20.4222
20.2748
20.1064
19.9218
19.7275
19.5231
19.3062
19.076
18.8323
18.5751
18.304
18.0187
17.719
17.4048
17.0762
16.7333
16.3764
16.0058
15.6222
15.2261
14.8183
14.3999
13.972
13.5357
13.0924
12.6437
12.191
11.7359
11.2802
10.8254
10.3734
9.92551
9.48348
9.04872
8.62256
8.20625
7.80084
7.40728
7.02633
6.6586
6.30455
5.96449
5.63857
5.32681
5.02914
4.74534
4.4751
4.21806
3.97375
3.74164
3.52117
3.31172
3.11263
2.92323
2.74281
2.57066
2.40601
2.2481
2.09616
1.94935
1.80681
1.66764
1.53087
1.39548
1.26037
1.12428
0.98608
0.843849
0.6977
0.541442
0.387314
0.195214
0.0914467
21.9615
21.7781
21.5922
21.3833
21.1566
20.9182
20.6681
20.4037
20.1243
19.8299
19.5205
19.1959
18.8558
18.5003
18.1296
17.744
17.3437
16.9293
16.5016
16.0614
15.6097
15.1476
14.6764
14.1976
13.7128
13.2235
12.7315
12.2386
11.7466
11.2573
10.7724
10.2937
9.82268
9.36088
8.90965
8.47018
8.04351
7.63051
7.23188
6.84813
6.47964
6.12661
5.78908
5.467
5.16015
4.86823
4.59086
4.32757
4.07781
3.84099
3.61647
3.40358
3.20163
3.00989
2.82763
2.65411
2.48856
2.33022
2.17832
2.03207
1.89065
1.7532
1.61885
1.48666
1.35562
1.2247
1.09267
0.95847
0.820221
0.678195
0.526064
0.376695
0.188722
0.0910082
23.3877
23.1598
22.9273
22.6703
22.3936
22.1036
21.8
21.4805
21.1445
20.7921
20.4235
20.0385
19.6374
19.2202
18.7875
18.3397
17.8776
17.4021
16.9141
16.415
15.906
15.3886
14.8646
14.3356
13.8035
13.2703
12.7378
12.208
11.6829
11.1642
10.6537
10.1531
9.66382
9.18724
8.7245
8.27658
7.84425
7.42813
7.02863
6.64601
6.28034
5.93158
5.59953
5.28389
4.98424
4.70009
4.43088
4.17599
3.93475
3.70647
3.49039
3.28579
3.0919
2.90795
2.73316
2.56678
2.40802
2.25611
2.11028
1.96975
1.83371
1.70133
1.57175
1.44407
1.31732
1.19049
1.06242
0.932108
0.797704
0.659646
0.511453
0.366638
0.182544
0.09063
24.8227
24.542
24.2544
23.941
23.6065
23.2568
22.8919
22.5098
22.1099
21.6926
21.2582
20.8069
20.339
19.8551
19.356
18.8424
18.3154
17.7764
17.2267
16.6678
16.1016
15.5299
14.9546
14.3779
13.8017
13.2282
12.6595
12.0976
11.5444
11.0017
10.4712
9.95439
9.45249
8.96663
8.4977
8.04639
7.61319
7.19839
6.80211
6.42432
6.06483
5.72333
5.39938
5.09247
4.80201
4.52731
4.2677
4.02241
3.79068
3.57173
3.36475
3.16893
2.98348
2.8076
2.6405
2.48138
2.32948
2.18403
2.04427
1.90942
1.77872
1.65133
1.52644
1.40318
1.2806
1.15776
1.03352
0.906969
0.776263
0.642013
0.49757
0.35711
0.176657
0.0903041
26.2399
25.898
25.5467
25.1688
24.7686
24.3518
23.9184
23.4667
22.9965
22.5083
22.0027
21.4801
20.9412
20.3869
19.8183
19.2366
18.6433
18.0401
17.4286
16.811
16.1893
15.5657
14.9425
14.3218
13.7061
13.0974
12.498
11.9097
11.3345
10.774
10.2296
9.70264
9.19401
8.70453
8.23476
7.78507
7.3556
6.94633
6.55707
6.18751
5.8372
5.50557
5.192
4.89576
4.61611
4.35226
4.10336
3.8686
3.64713
3.43809
3.24064
3.05395
2.87717
2.70952
2.55017
2.39836
2.25332
2.11428
1.98052
1.85128
1.7258
1.6033
1.48298
1.36401
1.24549
1.12651
1.00597
0.883035
0.755875
0.62527
0.484389
0.348087
0.171047
0.090025
27.5984
27.1873
26.7642
26.3144
25.8418
25.3515
24.8435
24.3168
23.7713
23.2078
22.6272
22.0302
21.4179
20.7915
20.1524
19.5025
18.8435
18.1775
17.5067
16.8334
16.1601
15.4892
14.8232
14.1645
13.5154
12.8782
12.2549
11.6474
11.0572
10.4858
9.93426
9.40354
8.89427
8.40686
7.94152
7.49824
7.07684
6.67698
6.29818
5.93984
5.60129
5.28177
4.98044
4.69646
4.42894
4.17697
3.93965
3.71609
3.50538
3.30664
3.11899
2.94159
2.7736
2.6142
2.46262
2.31806
2.17979
2.04707
1.91919
1.79542
1.67504
1.55729
1.44141
1.32659
1.21198
1.09672
0.979742
0.860269
0.7365
0.609376
0.471874
0.339539
0.165697
0.0897828
28.8645
28.3776
27.8765
27.3492
26.7993
26.231
25.6445
25.0393
24.4155
23.7744
23.1168
22.4442
21.7577
21.0592
20.3505
19.6337
18.9112
18.1854
17.4589
16.7344
16.0147
15.3023
14.5999
13.9099
13.2347
12.5764
11.9367
11.3173
10.7195
10.1442
9.59229
9.06419
8.56016
8.08023
7.62421
7.19173
6.7823
6.39525
6.02986
5.68529
5.36066
5.05504
4.76746
4.49695
4.24253
4.00322
3.77807
3.56613
3.3665
3.17826
3.00053
2.83247
2.67325
2.52206
2.37813
2.24072
2.10909
1.98254
1.86039
1.74193
1.62649
1.51333
1.40173
1.29091
1.18007
1.06837
0.954802
0.838645
0.71811
0.594303
0.460002
0.331446
0.160598
0.0895705
29.9803
29.414
28.8314
28.2241
27.5947
26.9468
26.2807
25.5963
24.8942
24.1757
23.4422
22.6953
21.9368
21.1688
20.3937
19.6142
18.833
18.0529
17.277
16.5082
15.7495
15.0036
14.2732
13.5606
12.8679
12.197
11.5494
10.9263
10.3285
9.75667
9.21108
8.69179
8.19861
7.73117
7.28891
6.87114
6.47705
6.10573
5.75621
5.42747
5.11847
4.82814
4.55542
4.29926
4.05861
3.83246
3.61983
3.41976
3.23134
3.05365
2.88583
2.72705
2.57649
2.43338
2.29696
2.16651
2.04134
1.92078
1.80417
1.69085
1.58017
1.47143
1.36393
1.25696
1.14971
1.04143
0.931114
0.818121
0.700662
0.580013
0.448739
0.32378
0.155736
0.0893766
30.9237
30.278
29.6145
28.9279
28.2204
27.4943
26.7501
25.9882
25.2096
24.4156
23.6082
22.7894
21.9614
21.1271
20.2894
19.4514
18.6165
17.788
16.9693
16.1634
15.3736
14.6025
13.8526
13.1261
12.4247
11.7499
11.1026
10.4837
9.89338
9.33182
8.79883
8.29398
7.81667
7.36614
6.9415
6.54174
6.1658
5.81256
5.48086
5.16954
4.87744
4.60341
4.34632
4.10507
3.8786
3.66588
3.46592
3.27777
3.10054
2.93333
2.77531
2.62565
2.48358
2.34834
2.21922
2.09553
1.97662
1.86183
1.75056
1.64218
1.53606
1.43155
1.32799
1.22468
1.12088
1.01586
0.908644
0.798662
0.684127
0.566478
0.438063
0.316523
0.151104
0.0891932
31.6237
30.9043
30.1661
29.4063
28.6264
27.8279
27.0115
26.1776
25.3277
24.4635
23.5874
22.702
21.8104
20.9159
20.0223
19.1334
18.253
17.3849
16.5328
15.6998
14.889
14.1031
13.344
12.6137
11.9132
11.2436
10.6053
9.99847
9.42286
8.87807
8.36342
7.87808
7.42104
6.9912
6.58737
6.20831
5.85275
5.51939
5.20696
4.9142
4.63988
4.38279
4.14179
3.91576
3.70363
3.50439
3.31708
3.14077
2.9746
2.81769
2.66926
2.5285
2.39468
2.26708
2.14502
2.02785
1.91494
1.8057
1.69955
1.59589
1.49414
1.39367
1.29387
1.19406
1.09353
0.991605
0.887343
0.780223
0.668461
0.553658
0.427944
0.309648
0.146693
0.089008
32.1109
31.328
30.5249
29.7008
28.8563
27.9921
27.1086
26.207
25.2889
24.3569
23.4141
22.4641
21.5111
20.5596
19.6142
18.6795
17.76
16.8598
15.9826
15.1316
14.3095
13.5184
12.7601
12.0355
11.3452
10.6895
10.0681
9.48057
8.92614
8.40385
7.91256
7.45102
7.01791
6.61182
6.23134
5.87504
5.5415
5.22933
4.93716
4.66369
4.40766
4.16785
3.94312
3.73236
3.53455
3.3487
3.17387
3.00919
2.85384
2.70698
2.56786
2.43573
2.30987
2.18963
2.07436
1.96344
1.8563
1.75236
1.6511
1.55195
1.45436
1.35774
1.26151
1.16502
1.06762
0.968634
0.867171
0.762767
0.653632
0.541526
0.41836
0.303139
0.142496
0.0888126
32.2974
31.47
30.621
29.7493
28.8549
27.9379
26.9985
26.0383
25.0598
24.0667
23.0634
22.0553
21.048
20.0473
19.0589
18.0882
17.1402
16.2191
15.3285
14.4712
13.6494
12.8645
12.1174
11.4084
10.7373
10.1036
9.50635
8.94447
8.41667
7.92152
7.45748
7.02297
6.61639
6.23614
5.88063
5.54832
5.2377
4.94731
4.67578
4.42178
4.18405
3.96143
3.75277
3.55703
3.37321
3.20038
3.03765
2.8842
2.73926
2.60205
2.47185
2.34794
2.22969
2.11645
2.00763
1.90263
1.80095
1.70202
1.60538
1.51048
1.41683
1.32384
1.23098
1.13763
1.04316
0.94695
0.848126
0.746282
0.639623
0.530062
0.409292
0.296975
0.138507
0.0885919
32.3321
31.4796
30.6016
29.6959
28.7613
27.7972
26.8043
25.7852
24.7441
23.6872
22.6215
21.5545
20.4939
19.4472
18.4212
17.4219
16.4541
15.5218
14.628
13.7747
12.9632
12.1938
11.4664
10.7805
10.135
9.52861
8.95988
8.42712
7.92857
7.46243
7.02686
6.62007
6.24026
5.8857
5.55471
5.24571
4.95714
4.68756
4.43557
4.19989
3.97931
3.77267
3.5789
3.39702
3.22608
3.06519
2.91353
2.77032
2.63486
2.50642
2.38432
2.26789
2.15652
2.04962
1.94663
1.847
1.75025
1.65586
1.5634
1.47236
1.38226
1.29257
1.20277
1.11227
1.02048
0.926807
0.8304
0.730908
0.626528
0.519319
0.400768
0.291154
0.134726
0.0883241
32.1476
31.3001
30.422
29.5068
28.5519
27.5562
26.5214
25.4519
24.3552
23.241
22.1198
21.0018
19.8971
18.8145
17.7616
16.7443
15.7674
14.8341
13.9464
13.1052
12.3108
11.5625
10.8593
10.1998
9.58221
9.00458
8.46488
7.96106
7.49099
7.05263
6.64395
6.26298
5.90784
5.57674
5.26797
4.97993
4.71107
4.45997
4.22528
4.00575
3.8002
3.60756
3.42679
3.25698
3.09722
2.9467
2.80463
2.6703
2.54306
2.42221
2.30712
2.19715
2.09175
1.99033
1.8924
1.79743
1.70497
1.61452
1.52571
1.43804
1.35106
1.26425
1.17715
1.08917
0.999755
0.908342
0.814098
0.716722
0.614406
0.50934
0.392825
0.285704
0.13119
0.0880241
32.0153
31.1823
30.3099
29.3864
28.4063
27.3695
26.28
25.1464
23.9819
22.8012
21.619
20.4485
19.3013
18.1872
17.1136
16.0857
15.1071
14.1798
13.3044
12.4807
11.7077
10.9837
10.3067
9.67468
9.08516
8.53575
8.02402
7.54758
7.1041
6.69137
6.30721
5.94961
5.61663
5.30646
5.0174
4.74786
4.49633
4.26143
4.04184
3.83636
3.64388
3.46337
3.29385
3.13448
2.98439
2.84282
2.70903
2.58235
2.4622
2.34791
2.23888
2.1345
2.03426
1.9376
1.84405
1.75312
1.6644
1.57738
1.49176
1.40703
1.32279
1.23852
1.15381
1.06806
0.980753
0.891359
0.799057
0.703592
0.603152
0.500042
0.385401
0.280574
0.127871
0.0876721
31.7594
30.9774
30.1439
29.2356
28.2454
27.1753
26.034
24.837
23.6054
22.361
21.1222
19.9049
18.7223
17.5842
16.4972
15.4655
14.4912
13.5748
12.7157
11.9121
11.1622
10.4632
9.81247
9.2072
8.64452
8.12163
7.6358
7.18444
6.76508
6.37538
6.01312
5.67626
5.36283
5.07104
4.79922
4.54583
4.30937
4.08852
3.882
3.68868
3.50748
3.33743
3.1776
3.02722
2.88545
2.75161
2.62494
2.50485
2.39082
2.28218
2.17839
2.07884
1.98308
1.89054
1.80081
1.71339
1.62792
1.5439
1.46107
1.37892
1.29708
1.21507
1.13246
1.04869
0.963275
0.875691
0.785139
0.691404
0.592674
0.491354
0.378446
0.27573
0.124753
0.0872585
31.6459
30.916
30.1161
29.2098
28.1896
27.0641
25.8487
24.5693
23.2584
21.9442
20.6478
19.3863
18.1732
17.0172
15.9231
14.8931
13.9276
13.0255
12.1848
11.4026
10.676
10.0015
9.37583
8.79565
8.25774
7.75903
7.29659
6.86768
6.46974
6.10039
5.75738
5.43865
5.14227
4.86646
4.60958
4.37015
4.1467
3.93797
3.7427
3.55984
3.38833
3.22728
3.07579
2.93313
2.79852
2.67131
2.55077
2.43636
2.32762
2.22386
2.1246
2.02924
1.93735
1.84839
1.76198
1.67763
1.595
1.5136
1.43323
1.35335
1.27364
1.19361
1.11288
1.03088
0.947158
0.861204
0.772235
0.680075
0.582908
0.48323
0.371929
0.271155
0.12183
0.0867889
31.4378
30.8126
30.0857
29.201
28.1603
26.9813
25.6881
24.3233
22.9341
21.5535
20.2039
18.9036
17.6658
16.4971
15.4002
14.3753
13.4211
12.5348
11.7129
10.9519
10.2476
9.5961
8.99349
8.43615
7.92055
7.44342
7.00169
6.59255
6.21337
5.86177
5.53549
5.23248
4.95082
4.68879
4.44479
4.21736
4.00508
3.80677
3.62115
3.44727
3.28408
3.13074
2.98639
2.85038
2.72191
2.60042
2.48516
2.37565
2.27147
2.17193
2.0766
1.98486
1.89636
1.81051
1.727
1.64533
1.56519
1.4861
1.40788
1.33001
1.2522
1.17393
1.09488
1.01446
0.932257
0.847775
0.760245
0.66952
0.573789
0.475622
0.365816
0.266829
0.119093
0.0862634
31.3711
30.8517
30.1807
29.2907
28.2066
26.9525
25.5616
24.1009
22.6316
21.1875
19.79
18.4575
17.2014
16.0254
14.9297
13.9127
12.9712
12.1011
11.2977
10.5567
9.87312
9.24255
8.6607
8.12374
7.62787
7.16972
6.74608
6.35414
5.99123
5.65498
5.34311
5.05363
4.78463
4.53443
4.30145
4.08432
3.88161
3.69221
3.51486
3.34867
3.19261
3.04589
2.90767
2.77737
2.65419
2.53762
2.42691
2.32162
2.2214
2.12552
2.0336
1.94502
1.85946
1.77634
1.69536
1.61604
1.5381
1.46104
1.38474
1.30865
1.23251
1.15582
1.07827
0.999273
0.91845
0.835304
0.749083
0.659672
0.565264
0.46849
0.360079
0.262736
0.116531
0.0856864
31.2362
30.8884
30.2971
29.4102
28.2896
26.9557
25.4597
23.9029
22.3578
20.8544
19.4137
18.054
16.7839
15.604
14.5119
13.504
12.5756
11.7211
10.9351
10.2124
9.54752
8.93566
8.37218
7.85312
7.37446
6.9328
6.52483
6.14773
5.79882
5.47574
5.17624
4.89836
4.64018
4.4001
4.17656
3.96823
3.77371
3.59194
3.42166
3.26207
3.11211
2.97107
2.83812
2.71273
2.5941
2.48178
2.375
2.27337
2.17657
2.08387
1.99493
1.90911
1.82613
1.74539
1.66665
1.5894
1.5134
1.43813
1.36353
1.28902
1.21439
1.13911
1.06292
0.9852
0.905625
0.823695
0.738673
0.650468
0.557281
0.461793
0.354688
0.258857
0.114132
0.0850583
31.2066
31.0294
30.4781
29.5723
28.4063
26.9774
25.367
23.7174
22.1041
20.5492
19.0726
17.6919
16.4123
15.2312
14.1441
13.1458
12.2301
11.3902
10.62
9.91376
9.26546
8.67004
8.12257
7.61907
7.15529
6.72785
6.33333
5.96896
5.63204
5.32023
5.03129
4.76332
4.51438
4.28295
4.06746
3.86666
3.67913
3.5039
3.33967
3.18573
3.04101
2.90485
2.77643
2.65527
2.54057
2.43194
2.32855
2.2301
2.13629
2.04636
1.96003
1.87661
1.7959
1.71727
1.64049
1.56508
1.49079
1.41712
1.34403
1.27095
1.19766
1.12365
1.04868
0.972128
0.893691
0.812872
0.72895
0.641855
0.5498
0.455502
0.349622
0.255181
0.111887
0.0843851
31.1667
31.1949
30.6752
29.7577
28.5514
27.0183
25.2908
23.5529
21.8761
20.2744
18.7672
17.3703
16.0843
14.904
13.8227
12.8339
11.9299
11.1032
10.3471
9.6554
9.02159
8.44046
7.90683
7.41674
6.9657
6.55045
6.16743
5.81393
5.48724
5.18504
4.90511
4.64558
4.40453
4.18048
3.97186
3.7775
3.59595
3.42632
3.26728
3.1182
2.97798
2.84602
2.72151
2.60401
2.49271
2.38727
2.28683
2.19115
2.09995
2.01245
1.9284
1.8471
1.76839
1.69161
1.61658
1.54279
1.47004
1.39779
1.32607
1.25425
1.18218
1.10932
1.03546
0.959963
0.882564
0.802764
0.719852
0.633783
0.542778
0.449583
0.344855
0.251691
0.109786
0.0836685
31.2182
31.3993
30.8782
29.9507
28.6991
27.0529
25.2154
23.4025
21.6716
20.0297
18.497
17.087
15.7967
14.6183
13.543
12.5632
11.67
10.855
10.1113
9.4322
8.8109
8.24207
7.7203
7.24169
6.80154
6.39668
6.02346
5.67922
5.36123
5.06722
4.79496
4.54263
4.3083
4.09055
3.8878
3.69895
3.52252
3.3577
3.20311
3.05821
2.92187
2.79354
2.6724
2.55808
2.44973
2.34707
2.24921
2.15595
2.06703
1.98166
1.89963
1.82021
1.74327
1.66813
1.59465
1.52232
1.45094
1.37996
1.30946
1.23879
1.16782
1.096
1.02315
0.948619
0.872174
0.793309
0.711332
0.626211
0.536183
0.444013
0.340369
0.24838
0.107822
0.0829148
31.344
31.608
31.075
30.1629
28.8669
27.0941
25.147
23.2651
21.4869
19.8119
18.2594
16.8399
15.5469
14.3706
13.3008
12.329
11.4452
10.6405
9.90757
9.23941
8.62885
8.07053
7.55884
7.09004
6.65913
6.26312
5.89822
5.56185
5.25126
4.96421
4.69848
4.4523
4.2237
4.01134
3.81362
3.62948
3.45744
3.29676
3.146
3.00471
2.87172
2.74653
2.62832
2.51676
2.41098
2.31076
2.21514
2.12401
2.03711
1.95362
1.87337
1.79561
1.72024
1.64657
1.57449
1.50345
1.4333
1.36347
1.29407
1.22444
1.15446
1.08359
1.01167
0.938025
0.862456
0.784454
0.70334
0.619099
0.529983
0.438766
0.336143
0.245233
0.105983
0.0821261
31.5208
31.8376
31.2304
30.3406
29.0151
27.1299
25.0891
23.1465
21.3245
19.6197
18.0502
16.6233
15.329
14.1556
13.0913
12.1268
11.2513
10.4554
9.73159
9.07274
8.47134
7.92197
7.41886
6.95835
6.53529
6.1468
5.78895
5.45926
5.15496
4.87384
4.61368
4.37274
4.14904
3.94129
3.74787
3.5678
3.39953
3.24242
3.09496
2.95679
2.82671
2.70425
2.58859
2.47944
2.3759
2.27783
2.18418
2.09493
2.00981
1.92799
1.84932
1.77304
1.69908
1.62672
1.55588
1.48602
1.41697
1.34818
1.27978
1.2111
1.14203
1.07202
1.00095
0.928115
0.853355
0.77615
0.695838
0.612416
0.52415
0.433821
0.332164
0.242245
0.104263
0.0813089
31.5296
32.1432
31.4305
30.5388
29.1477
27.1451
25.0262
23.0369
21.1813
19.4538
17.8708
16.4378
15.1418
13.9703
12.9102
11.9519
11.0836
10.2953
9.57945
8.92847
8.3348
7.79301
7.29718
6.8437
6.42729
6.04515
5.69329
5.36929
5.07034
4.79425
4.53885
4.30238
4.08288
3.87909
3.68937
3.51278
3.34779
3.19375
3.04916
2.9137
2.78615
2.66607
2.55264
2.44559
2.34404
2.24784
2.15595
2.06835
1.98481
1.90448
1.82722
1.75226
1.67957
1.60839
1.53867
1.46987
1.40182
1.33398
1.26649
1.19866
1.13042
1.06122
0.990915
0.918835
0.844821
0.768355
0.688788
0.606127
0.518658
0.429155
0.328412
0.239403
0.102653
0.0804655
31.2419
32.3617
31.5102
30.7082
29.2707
27.1502
24.956
22.9234
21.0396
19.2961
17.7058
16.2714
14.9776
13.8102
12.7548
11.8017
10.939
10.1569
9.44757
8.80331
8.2162
7.68078
7.19108
6.74354
6.33279
5.95603
5.60925
5.29006
4.99566
4.72389
4.47254
4.23991
4.02401
3.82362
3.6371
3.46352
3.30135
3.14998
3.00788
2.87478
2.74945
2.63145
2.51998
2.41479
2.31499
2.22045
2.1301
2.04398
1.96185
1.88285
1.80686
1.73309
1.66153
1.59142
1.52272
1.45487
1.38773
1.32075
1.25409
1.18705
1.11958
1.0511
0.981516
0.910133
0.83681
0.76103
0.682158
0.600208
0.513484
0.424754
0.324875
0.236701
0.101147
0.0796016
31.1377
32.9228
31.4911
30.7103
29.2741
27.0942
24.8603
22.8044
20.9041
19.1495
17.5543
16.1192
14.8278
13.6651
12.616
11.6697
10.8136
10.0372
9.33327
8.6944
8.1128
7.58281
7.09833
6.65575
6.24977
5.87755
5.53511
5.22003
4.92951
4.66141
4.41355
4.1842
3.97142
3.77395
3.59019
3.41922
3.25951
3.11045
2.97055
2.83951
2.71611
2.59994
2.49021
2.38664
2.2884
2.19534
2.10637
2.02157
1.9407
1.8629
1.78804
1.71535
1.64481
1.57568
1.50789
1.44092
1.3746
1.30842
1.2425
1.1762
1.10942
1.04163
0.972699
0.901965
0.829282
0.754141
0.675917
0.59463
0.508606
0.420598
0.321537
0.234131
0.0997369
0.0787198
)
;

boundaryField
{
    inlet
    {
        type            freestreamPressure;
        freestreamValue uniform 0;
        value           nonuniform List<scalar> 
230
(
-1.89713
-1.89488
-1.88784
-1.88051
-1.87425
-1.86808
-1.86135
-1.85418
-1.84673
-1.83905
-1.83103
-1.82265
-1.81391
-1.8048
-1.79534
-1.78552
-1.77532
-1.76469
-1.75368
-1.74226
-1.73038
-1.71804
-1.70523
-1.69193
-1.67812
-1.66379
-1.64893
-1.63351
-1.61752
-1.60095
-1.58376
-1.56596
-1.54751
-1.5284
-1.50862
-1.48813
-1.46693
-1.445
-1.42232
-1.39887
-1.37466
-1.34965
-1.32386
-1.29728
-1.26992
-1.2418
-1.21292
-1.18334
-1.15307
-1.12216
-1.09067
-1.05867
-1.02622
-0.993411
-0.960342
-0.927114
-0.893834
-0.860616
-0.827576
-0.794828
-0.762483
-0.730644
-0.699402
-0.668832
-0.638984
-0.609877
-0.581468
-0.553678
-0.526125
-0.498576
-0.467959
-0.433448
-0.355889
-0.227205
0.204829
-0.634909
-1.30289
-1.81425
-2.19261
-2.46472
-2.65409
-2.77972
-2.85675
-2.89713
-2.9102
-2.90324
-2.88185
-2.85029
-2.81172
-2.76843
-2.72202
-2.67363
-2.62412
-2.57423
-2.52465
-2.47593
-2.4274
-2.379
-2.33136
-2.28502
-2.2403
-2.19743
-2.15722
-2.12047
-2.08718
-2.0571
-2.02998
-2.00568
-1.98398
-1.9648
-1.94794
-1.93325
-1.92054
-1.90978
-1.90054
1.17187
2.07522
2.83811
3.4464
3.91569
4.27139
4.53786
4.73573
4.88148
4.98779
5.06424
5.11805
5.15461
5.1779
5.19085
5.19555
5.1935
5.18583
5.17342
5.15708
5.13758
5.11558
5.09052
5.06223
5.03129
4.99836
4.96398
4.9287
4.89304
4.85752
4.8226
4.78865
4.75602
4.72496
4.69566
4.66829
4.64294
4.61967
4.59851
4.57935
4.56244
4.55379
4.54832
4.53339
4.51741
4.50342
4.48977
4.47519
4.4598
4.444
4.42784
4.41123
4.39411
4.3765
4.35843
4.33982
4.32075
4.30116
4.28112
4.26054
4.2395
4.21798
4.19595
4.17339
4.1503
4.12669
4.10253
4.07781
4.05251
4.02661
4.00008
3.9729
3.94502
3.91642
3.88704
3.85683
3.82574
3.79371
3.76066
3.72653
3.69123
3.65467
3.61677
3.57745
3.53657
3.49406
3.44983
3.40376
3.35577
3.30576
3.25366
3.19936
3.14281
3.08395
3.0227
2.95903
2.8929
2.82428
2.75311
2.67938
2.60303
2.52397
2.4421
2.35724
2.26912
2.17733
2.08125
1.9799
1.87182
1.75428
1.62339
1.46764
1.2736
0.955326
0.47687
)
;
    }
    outlet
    {
        type            freestreamPressure;
        freestreamValue uniform 0;
        value           nonuniform List<scalar> 
96
(
0.000323596
0.0003195
0.000315118
0.000310459
0.000305527
0.000300345
0.000294967
0.000289458
0.000283911
0.000278446
0.000273228
0.000268475
0.00026447
0.000261594
0.000260384
0.000261424
0.000265779
0.000275104
0.000289162
0.000309828
0.000354265
0.000434753
0.000484345
0.000371151
8.22768e-05
-0.000198316
-0.000276708
-0.000168361
-3.75937e-05
2.10415e-05
2.92078e-05
2.79135e-05
2.8836e-05
2.65086e-05
2.21241e-05
1.25807e-05
7.11995e-06
-7.98971e-06
-7.64201e-06
-3.58571e-05
-1.40429e-05
-8.38876e-05
1.25924e-05
-0.000201783
0.000169994
-0.000573721
0.000896985
-0.00199919
0.00367749
0.000517987
0.000647021
0.000770851
0.000570062
0.000519014
0.000500819
0.000470668
0.000451139
0.000439945
0.000431072
0.000423588
0.00041714
0.000411285
0.000405954
0.000401185
0.000396971
0.000393254
0.000389983
0.000387101
0.000384571
0.000382354
0.000380423
0.000378743
0.000377285
0.000376007
0.000374876
0.000373843
0.000372871
0.00037191
0.000370921
0.000369842
0.000368579
0.000367193
0.000365603
0.000363766
0.000361705
0.000359421
0.000356931
0.000354236
0.00035136
0.000348311
0.000345113
0.000341776
0.000338325
0.00033477
0.000331134
0.000327428
)
;
    }
    walls
    {
        type            zeroGradient;
    }
    frontAndBack
    {
        type            empty;
    }
}


// ************************************************************************* //
