/*--------------------------------*- C++ -*----------------------------------*\
| =========                 |                                                 |
| \\      /  F ield         | OpenFOAM: The Open Source CFD Toolbox           |
|  \\    /   O peration     | Version:  2312                                  |
|   \\  /    A nd           | Website:  www.openfoam.com                      |
|    \\/     M anipulation  |                                                 |
\*---------------------------------------------------------------------------*/
FoamFile
{
    version     2.0;
    format      ascii;
    arch        "LSB;label=32;scalar=64";
    class       volScalarField;
    location    "200";
    object      p;
}
// * * * * * * * * * * * * * * * * * * * * * * * * * * * * * * * * * * * * * //

dimensions      [0 2 -2 0 0 0 0];

internalField   nonuniform List<scalar> 
11040
(
-417.31
-781.098
-809.971
-719.371
-679.53
-682.918
-683.987
-668.107
-634.715
-590.555
-542.18
-495.333
-457.065
-427.926
-403.983
-382.015
-360.771
-339.798
-318.757
-297.215
-274.902
-252.253
-230.516
-210.812
-192.802
-175.673
-159.217
-143.375
-128.071
-113.224
-98.7944
-84.7822
-71.212
-58.1349
-45.6505
-33.9191
-23.1678
-13.3793
-5.13234
2.35039
6.18984
-219.498
-476.574
-593.174
-628.839
-654.785
-677.998
-685.333
-673.61
-642.102
-598.341
-550.209
-502.619
-462.459
-431.584
-406.527
-383.908
-362.248
-340.991
-319.76
-298.097
-275.729
-253.1
-231.358
-211.58
-193.49
-176.31
-159.816
-143.942
-128.612
-113.742
-99.2915
-85.2585
-71.6658
-58.5613
-46.0432
-34.2672
-23.4688
-13.6255
-5.35038
2.291
4.93624
-106.821
-323.856
-491.392
-573.605
-609.958
-636.286
-656.006
-658.349
-636.367
-597.576
-551.709
-505.042
-464.471
-432.826
-407.335
-384.558
-362.805
-341.456
-320.142
-298.426
-276.054
-253.479
-231.772
-211.948
-193.816
-176.625
-160.125
-144.246
-128.911
-114.04
-99.5882
-85.5529
-71.9561
-58.8432
-46.3104
-34.5109
-23.6854
-13.7978
-5.50682
2.40024
5.1383
-44.7878
-205.952
-366.919
-474.644
-532.325
-569.388
-597.108
-609.885
-601.842
-575.985
-539.58
-499.067
-461.202
-430.102
-404.686
-382.127
-360.716
-339.768
-318.886
-297.605
-275.63
-253.422
-231.951
-212.171
-194.031
-176.85
-160.362
-144.493
-129.173
-114.319
-99.885
-85.8657
-72.2814
-59.174
-46.638
-34.8237
-23.9716
-14.0349
-5.69858
2.48794
5.74394
-8.79255
-126.338
-258.012
-370.937
-449.206
-501.536
-537.755
-558.585
-561.175
-546.247
-519.004
-485.542
-451.99
-422.816
-398.374
-376.667
-356.071
-335.86
-315.643
-294.988
-273.607
-252.013
-231.079
-211.603
-193.663
-176.679
-160.359
-144.622
-129.403
-114.63
-100.26
-86.2912
-72.747
-59.6685
-47.1478
-35.3325
-24.4571
-14.4681
-6.04841
2.42382
6.13564
9.76068
-76.582
-178.298
-280.465
-365.191
-427.964
-473.175
-503.004
-516.007
-511.97
-494.516
-468.991
-440.766
-414.259
-391.011
-370.092
-350.194
-330.617
-311.009
-291.006
-270.314
-249.483
-229.299
-210.288
-192.626
-175.887
-159.789
-144.249
-129.216
-114.626
-100.437
-86.6394
-73.2516
-60.3052
-47.8833
-36.1256
-25.2555
-15.2177
-6.67431
2.0687
6.08976
18.8927
-45.9246
-122.075
-205.004
-283.763
-350.002
-402.064
-440.185
-463.279
-470.576
-463.952
-447.45
-425.702
-402.987
-381.724
-362.065
-343.201
-324.512
-305.675
-286.402
-266.424
-246.347
-226.908
-208.413
-191.094
-174.683
-158.913
-143.68
-128.93
-114.604
-100.656
-87.0772
-73.885
-61.1087
-48.8278
-37.1756
-26.3577
-16.3161
-7.66333
1.25792
5.46014
22.2885
-27.5779
-84.6908
-148.935
-215.516
-277.81
-331.462
-374.413
-405.102
-422.202
-426.054
-419.15
-405.085
-387.624
-369.542
-351.892
-334.525
-317.058
-299.251
-280.903
-261.809
-242.604
-223.976
-206.08
-189.166
-173.109
-157.691
-142.808
-128.412
-114.455
-100.895
-87.7124
-74.9134
-62.5007
-50.5272
-39.0956
-28.375
-18.2959
-9.41953
-0.277547
4.47637
22.4171
-16.8122
-60.2991
-109.195
-162.132
-215.54
-265.579
-309.184
-344.037
-368.293
-381.151
-383.587
-377.862
-366.847
-353.177
-338.462
-323.221
-307.441
-291.037
-273.918
-255.965
-237.828
-220.174
-203.061
-186.716
-171.122
-156.131
-141.648
-127.634
-114.059
-100.898
-88.1446
-75.8119
-63.9003
-52.4481
-41.5227
-31.2345
-21.4476
-12.5619
-3.42672
2.80168
20.68
-10.7918
-44.5787
-81.9464
-122.943
-166.147
-209.251
-249.642
-284.862
-312.786
-331.956
-342.163
-344.346
-340.257
-331.961
-321.155
-308.802
-295.283
-280.731
-265.192
-248.658
-231.799
-215.28
-199.12
-183.519
-168.531
-154.086
-140.113
-126.583
-113.476
-100.779
-88.4902
-76.6271
-65.1923
-54.2256
-43.7962
-33.9965
-24.7021
-16.1053
-7.53037
-0.097115
17.9895
-7.66403
-34.4297
-63.3658
-94.9406
-128.815
-163.942
-198.691
-231.145
-259.342
-281.597
-297.038
-305.615
-308.002
-305.433
-299.258
-290.537
-279.913
-267.737
-254.213
-239.452
-224.146
-208.973
-193.972
-179.321
-165.124
-151.377
-138.049
-125.124
-112.597
-100.467
-88.7373
-77.4274
-66.5378
-56.1001
-46.1761
-36.8337
-27.9939
-19.7292
-11.8207
-4.5007
14.9204
-6.26269
-27.8323
-50.6109
-75.1084
-101.412
-129.187
-157.618
-185.503
-211.392
-233.797
-251.626
-264.297
-271.712
-274.305
-272.853
-268.183
-260.963
-251.665
-240.607
-228.013
-214.576
-201
-187.38
-173.903
-160.702
-147.83
-135.3
-123.119
-111.298
-99.8472
-88.7825
-78.1235
-67.8723
-58.0529
-48.7204
-39.9242
-31.6156
-23.8317
-16.5601
-9.92148
11.842
-5.82538
-23.4508
-41.6634
-60.9025
-81.3785
-103.073
-125.66
-148.505
-170.701
-191.172
-208.954
-223.307
-233.744
-240.152
-242.758
-241.995
-238.343
-232.231
-224.006
-213.944
-202.702
-190.996
-179.004
-166.94
-154.963
-143.172
-131.622
-120.348
-109.378
-98.7393
-88.4551
-78.5514
-69.0328
-59.9219
-51.2691
-43.117
-35.4315
-28.2402
-21.5776
-15.5236
8.97182
-5.87259
-20.4313
-35.1896
-50.4988
-66.5781
-83.5222
-101.242
-119.45
-137.645
-155.146
-171.263
-185.355
-196.847
-205.366
-210.782
-213.168
-212.732
-209.737
-204.453
-197.131
-188.331
-178.736
-168.605
-158.183
-147.658
-137.161
-126.784
-116.591
-106.63
-96.9422
-87.5628
-78.5238
-69.8354
-61.5203
-53.6257
-46.1895
-39.1849
-32.6339
-26.5783
-21.0645
6.42904
-6.10546
-18.2273
-30.3154
-42.6415
-55.3985
-68.7073
-82.5778
-96.8982
-111.418
-125.747
-139.447
-152.069
-163.129
-172.209
-179.024
-183.432
-185.416
-185.048
-182.459
-177.814
-171.514
-164.157
-156.045
-147.445
-138.562
-129.55
-120.529
-111.586
-102.789
-94.194
-85.845
-77.7822
-70.0212
-62.5875
-55.5242
-48.8665
-42.5919
-36.7189
-31.2855
-26.3197
4.29571
-6.31985
-16.472
-26.4584
-36.4838
-46.7093
-57.2507
-68.1507
-79.3779
-90.8152
-102.251
-113.431
-124.073
-133.836
-142.377
-149.401
-154.685
-158.092
-159.561
-159.093
-156.745
-152.745
-147.557
-141.478
-134.767
-127.63
-120.23
-112.7
-105.143
-97.6397
-90.2566
-83.0473
-76.0566
-69.3077
-62.8273
-56.6565
-50.8263
-45.3196
-40.1506
-35.3509
-30.9365
2.62559
-6.37311
-14.9017
-23.1969
-31.4107
-39.6766
-48.0959
-56.7175
-65.542
-74.5179
-83.5328
-92.446
-101.091
-109.248
-116.675
-123.137
-128.421
-132.356
-134.821
-135.742
-135.095
-132.959
-129.651
-125.428
-120.51
-115.084
-109.307
-103.309
-97.1944
-91.0508
-84.9481
-78.9443
-73.0872
-67.4045
-61.9247
-56.6856
-51.7153
-47.0013
-42.5559
-38.4048
-34.5566
1.40507
-6.29255
-13.5408
-20.5273
-27.365
-34.1669
-41.0201
-47.9693
-55.0257
-62.1667
-69.3304
-76.4361
-83.3861
-90.0414
-96.241
-101.815
-106.596
-110.434
-113.201
-114.798
-115.164
-114.286
-112.364
-109.592
-106.146
-102.18
-97.8292
-93.2097
-88.4196
-83.5413
-78.6423
-73.7797
-69
-64.3332
-59.8072
-55.4566
-51.3063
-47.3487
-43.5949
-40.0664
-36.7675
0.53654
-6.14134
-12.3992
-18.3857
-24.1863
-29.8992
-35.5998
-41.3269
-47.0948
-52.8942
-58.6888
-64.4301
-70.0584
-75.4838
-80.5986
-85.2841
-89.4178
-92.8802
-95.5618
-97.3683
-98.229
-98.0908
-97.0732
-95.318
-92.9559
-90.1086
-86.8857
-83.3851
-79.6912
-75.8766
-72.0029
-68.1214
-64.2755
-60.4936
-56.8032
-53.2337
-49.8083
-46.5224
-43.3875
-40.4211
-37.6271
-0.0679976
-5.92623
-11.396
-16.5958
-21.591
-26.4689
-31.2956
-36.1046
-40.9102
-45.7095
-50.48
-55.1906
-59.8029
-64.2567
-68.4782
-72.3842
-75.8863
-78.895
-81.3238
-83.0933
-84.1387
-84.3942
-83.9323
-82.8538
-81.255
-79.2275
-76.8584
-74.226
-71.4012
-68.4443
-65.4081
-62.3372
-59.2699
-56.2319
-53.2482
-50.3441
-47.5398
-44.8335
-42.2366
-39.7633
-37.4179
-0.483752
-5.66761
-10.495
-15.0588
-19.4102
-23.628
-27.7705
-31.8667
-35.93
-39.9607
-43.9444
-47.86
-51.6819
-55.3681
-58.8668
-62.1192
-65.0614
-67.6273
-69.7515
-71.3717
-72.4337
-72.8737
-72.7368
-72.0964
-71.0212
-69.5813
-67.8434
-65.8703
-63.7175
-61.4356
-59.0676
-56.6514
-54.2189
-51.793
-49.3951
-47.0469
-44.7655
-42.5511
-40.4141
-38.3666
-36.4128
-0.761127
-5.38028
-9.6729
-13.7116
-17.5365
-21.2197
-24.8131
-28.3419
-31.8184
-35.2447
-38.6112
-41.9034
-45.1031
-48.1804
-51.098
-53.8135
-56.2806
-58.4506
-60.2748
-61.7057
-62.7011
-63.2049
-63.2483
-62.8843
-62.1633
-61.1376
-59.8595
-58.3776
-56.7366
-54.9761
-53.1316
-51.2341
-49.3098
-47.3783
-45.4576
-43.5659
-41.7173
-39.913
-38.1629
-36.4764
-34.8586
-0.937309
-5.07681
-8.91779
-12.5155
-15.9024
-19.1445
-22.2884
-25.3562
-28.3591
-31.3002
-34.1731
-36.9675
-39.6703
-42.2595
-44.7079
-46.9844
-49.055
-50.8841
-52.4356
-53.674
-54.5673
-55.0693
-55.2035
-55.0101
-54.5255
-53.79
-52.8437
-51.7253
-50.4693
-49.1077
-47.6686
-46.177
-44.6546
-43.1173
-41.5804
-40.0585
-38.5633
-37.0967
-35.6675
-34.283
-32.9487
-1.03864
-4.76648
-8.22106
-11.4438
-14.4608
-17.3336
-20.1035
-22.7905
-25.4047
-27.9498
-30.4216
-32.8128
-35.1137
-37.308
-39.3754
-41.2929
-43.0355
-44.577
-45.8909
-46.9508
-47.7332
-48.2009
-48.3738
-48.2826
-47.9552
-47.4222
-46.7154
-45.8646
-44.8975
-43.839
-42.7117
-41.5355
-40.328
-39.1022
-37.8709
-36.6457
-35.4363
-34.2445
-33.0784
-31.9433
-30.8452
-1.08486
-4.45596
-7.57687
-10.4771
-13.1786
-15.738
-18.193
-20.561
-22.8517
-25.0689
-27.2104
-29.2705
-31.2423
-33.1136
-34.8692
-36.4919
-37.9632
-39.2639
-40.3746
-41.2759
-41.9509
-42.3703
-42.5519
-42.5204
-42.2967
-41.9052
-41.3706
-40.7169
-39.9656
-39.1369
-38.2483
-37.3159
-36.3541
-35.3733
-34.3839
-33.3953
-32.4154
-31.4457
-30.4935
-29.5627
-28.6593
-1.09024
-4.15018
-6.98041
-9.60107
-12.0305
-14.3216
-16.5082
-18.6062
-20.6244
-22.567
-24.4329
-26.2182
-27.9178
-29.5224
-31.0208
-32.4001
-33.6468
-34.7466
-35.6855
-36.4495
-37.0265
-37.394
-37.5686
-37.5701
-37.4152
-37.1228
-36.7133
-36.2052
-35.6162
-34.9619
-34.2569
-33.5133
-32.7428
-31.9542
-31.1559
-30.3554
-29.5588
-28.7679
-27.9889
-27.2244
-26.4805
-1.06582
-3.85246
-6.42786
-8.80423
-10.9975
-13.0567
-15.0127
-16.8797
-18.6661
-20.3764
-22.0102
-23.5649
-25.037
-26.4195
-27.7041
-28.8813
-29.9411
-30.8731
-31.6674
-32.3139
-32.8043
-33.1214
-33.2809
-33.2992
-33.1894
-32.9672
-32.6485
-32.249
-31.7822
-31.261
-30.6967
-30.0995
-29.4783
-28.8405
-28.193
-27.5417
-26.8916
-26.2441
-25.6047
-24.9751
-24.3613
-1.01958
-3.56521
-5.91578
-8.07754
-10.0643
-11.9217
-13.6779
-15.3458
-16.9334
-18.4452
-19.8817
-21.2414
-22.5217
-23.7177
-24.8233
-25.8315
-26.7351
-27.5269
-28.1995
-28.7462
-29.1614
-29.4321
-29.5734
-29.5988
-29.5191
-29.3468
-29.0955
-28.7772
-28.4035
-27.9842
-27.529
-27.0456
-26.5414
-26.0224
-25.4942
-24.9616
-24.4286
-23.8964
-23.3697
-22.8496
-22.3416
-0.957963
-3.28989
-5.4413
-7.41345
-9.21874
-10.8994
-12.4814
-13.9764
-15.3921
-16.7332
-18.0006
-19.1938
-20.3112
-21.3494
-22.304
-23.1701
-23.9426
-24.6164
-25.1867
-25.6489
-25.9994
-26.2287
-26.3509
-26.3779
-26.3179
-26.1818
-25.9802
-25.7237
-25.4211
-25.0807
-24.71
-24.3159
-23.9038
-23.4785
-23.045
-22.607
-22.1678
-21.7283
-21.2926
-20.8611
-20.4394
-0.885556
-3.02755
-5.00169
-6.8057
-8.45061
-9.97581
-11.4048
-12.7488
-14.0149
-15.208
-16.3296
-17.3797
-18.3577
-19.2615
-20.0879
-20.8337
-21.4954
-22.0699
-22.5538
-22.9444
-23.2396
-23.4326
-23.5368
-23.5618
-23.5151
-23.4051
-23.2414
-23.0319
-22.7844
-22.5056
-22.2015
-21.8776
-21.5385
-21.1879
-20.8301
-20.468
-20.1043
-19.7397
-19.3777
-19.0185
-18.6672
-0.806181
-2.77867
-4.59467
-6.24891
-7.75159
-9.13921
-10.4334
-11.6446
-12.7798
-13.8438
-14.8387
-15.7651
-16.623
-17.4114
-18.1283
-18.7716
-19.3395
-19.8297
-20.2405
-20.5704
-20.8185
-20.9799
-21.0672
-21.0889
-21.0507
-20.9603
-20.825
-20.6522
-20.4477
-20.2172
-19.9655
-19.6974
-19.4163
-19.1255
-18.8284
-18.5273
-18.2245
-17.9206
-17.6185
-17.3181
-17.0242
-0.72253
-2.5436
-4.21799
-5.73854
-7.11458
-8.38002
-9.55482
-10.6487
-11.6686
-12.6194
-13.5035
-14.3222
-15.0761
-15.7648
-16.3876
-16.9432
-17.4308
-17.8494
-18.1981
-18.4764
-18.6842
-18.8184
-18.8906
-18.908
-18.8758
-18.7998
-18.6869
-18.5425
-18.3721
-18.18
-17.9705
-17.747
-17.5129
-17.2705
-17.0224
-16.7709
-16.5178
-16.2635
-16.0105
-15.7584
-15.512
-0.636932
-2.32236
-3.86982
-5.27063
-6.5336
-7.69009
-8.75863
-9.74843
-10.6663
-11.5172
-12.304
-13.0283
-13.6915
-14.2937
-14.835
-15.3151
-15.7338
-16.0911
-16.3868
-16.6211
-16.7946
-16.9053
-16.964
-16.977
-16.9483
-16.8834
-16.7875
-16.6659
-16.5223
-16.3609
-16.185
-15.9975
-15.801
-15.5976
-15.3894
-15.1781
-14.9654
-14.7515
-14.5386
-14.3261
-14.1185
-0.550993
-2.11494
-3.54835
-4.84183
-6.00351
-7.06257
-8.03615
-8.93314
-9.76025
-10.5226
-11.2233
-11.8646
-12.4481
-12.9747
-13.4452
-13.8598
-14.2192
-14.5237
-14.774
-14.9707
-15.1148
-15.2053
-15.2522
-15.2608
-15.2348
-15.1784
-15.0964
-14.9929
-14.8715
-14.7351
-14.5868
-14.4288
-14.2635
-14.0923
-13.917
-13.7392
-13.5601
-13.38
-13.2006
-13.0214
-12.8463
-0.46616
-1.92115
-3.25213
-4.44913
-5.51996
-6.49158
-7.38003
-8.19389
-8.93987
-9.6232
-10.2474
-10.8151
-11.3284
-11.7886
-12.197
-12.5546
-12.8624
-13.1213
-13.3324
-13.4966
-13.6155
-13.6885
-13.7248
-13.7292
-13.7044
-13.6544
-13.5829
-13.4938
-13.3896
-13.2732
-13.1468
-13.0126
-12.8721
-12.7269
-12.5782
-12.4274
-12.2755
-12.1226
-11.9704
-11.8181
-11.6695
-0.383426
-1.7409
-2.97975
-4.09008
-5.0792
-5.97215
-6.78397
-7.52306
-8.19617
-8.80869
-9.36452
-9.8666
-10.3174
-10.719
-11.0728
-11.3804
-11.6431
-11.8623
-12.0395
-12.1759
-12.273
-12.331
-12.3585
-12.3592
-12.3358
-12.2913
-12.2293
-12.1524
-12.0634
-11.9643
-11.857
-11.7433
-11.6245
-11.5018
-11.3763
-11.249
-11.1208
-10.9918
-10.8634
-10.7348
-10.6096
-0.303747
-1.57401
-2.73021
-3.76255
-4.67808
-5.50002
-6.24258
-6.91412
-7.52144
-8.07015
-8.56446
-9.00771
-9.40278
-9.752
-10.0574
-10.3208
-10.5439
-10.7284
-10.8758
-10.9876
-11.0655
-11.11
-11.1288
-11.1253
-11.1014
-11.0601
-11.004
-10.936
-10.8577
-10.7713
-10.6782
-10.5797
-10.4771
-10.3715
-10.2635
-10.1541
-10.0439
-9.93323
-9.82302
-9.71262
-9.60514
-0.22777
-1.4204
-2.50255
-3.4649
-4.31411
-5.07176
-5.75146
-6.36155
-6.90908
-7.39989
-7.83854
-8.2287
-8.57359
-8.87593
-9.13806
-9.36217
-9.55026
-9.70419
-9.82577
-9.91664
-9.97861
-10.0124
-10.0251
-10.0195
-9.99736
-9.96082
-9.91247
-9.85422
-9.78783
-9.71467
-9.63614
-9.55329
-9.4672
-9.37857
-9.28819
-9.19662
-9.10452
-9.012
-8.91996
-8.82773
-8.73813
-0.156139
-1.27988
-2.29595
-3.19552
-3.98505
-4.68456
-5.30707
-5.86104
-6.35378
-6.79153
-7.17928
-7.52109
-7.8205
-8.0805
-8.30371
-8.49252
-8.6491
-8.77544
-8.87334
-8.94442
-8.99038
-9.01208
-9.01586
-9.00429
-8.97872
-8.94137
-8.89423
-8.83917
-8.77752
-8.71064
-8.63948
-8.56509
-8.48819
-8.40947
-8.3294
-8.24853
-8.16737
-8.08596
-8.00502
-7.92395
-7.84521
-0.0893776
-1.15249
-2.10962
-2.95282
-3.6884
-4.33514
-4.90565
-5.40848
-5.85112
-6.2401
-6.58088
-6.87803
-7.13556
-7.35681
-7.54471
-7.70184
-7.83057
-7.93313
-8.01158
-8.06776
-8.10353
-8.11992
-8.12253
-8.11315
-8.09294
-8.0633
-8.02591
-7.98203
-7.93287
-7.87923
-7.82216
-7.76232
-7.70043
-7.63693
-7.57239
-7.50716
-7.44169
-7.37605
-7.31087
-7.24554
-7.18233
-0.0281637
-1.03872
-1.94395
-2.73655
-3.42287
-4.02077
-4.54296
-4.99849
-5.39515
-5.73968
-6.03764
-6.29386
-6.51264
-6.69779
-6.85258
-6.97977
-7.08163
-7.16007
-7.21673
-7.25309
-7.27065
-7.27055
-7.25809
-7.23533
-7.20347
-7.16421
-7.11909
-7.06951
-7.01633
-6.96054
-6.90268
-6.84339
-6.78304
-6.72207
-6.66068
-6.59917
-6.53781
-6.4766
-6.41594
-6.35539
-6.29667
0.0270372
-0.939289
-1.80014
-2.54885
-3.19125
-3.74409
-4.22024
-4.62972
-4.98147
-5.28315
-5.54094
-5.75979
-5.94384
-6.09678
-6.22204
-6.32299
-6.40282
-6.46439
-6.51015
-6.54199
-6.56156
-6.56966
-6.56995
-6.56312
-6.54946
-6.52959
-6.50448
-6.47477
-6.4413
-6.40457
-6.36533
-6.324
-6.28118
-6.23722
-6.19258
-6.14748
-6.10226
-6.05701
-6.0122
-5.96733
-5.92411
0.0759087
-0.853579
-1.67671
-2.38813
-2.99353
-3.50813
-3.94407
-4.31127
-4.61922
-4.87676
-5.09172
-5.2707
-5.41898
-5.54036
-5.63742
-5.71184
-5.76491
-5.79787
-5.81221
-5.80956
-5.79176
-5.76081
-5.72193
-5.67737
-5.62856
-5.5771
-5.52419
-5.47085
-5.41752
-5.36467
-5.31238
-5.2609
-5.21018
-5.16028
-5.11113
-5.06279
-5.01516
-4.96819
-4.92199
-4.87631
-4.83199
0.117961
-0.780253
-1.56809
-2.24296
-2.8124
-3.29221
-3.69482
-4.02977
-4.30536
-4.52901
-4.7076
-4.84785
-4.95658
-5.04054
-5.10605
-5.15856
-5.20225
-5.23985
-5.27285
-5.30171
-5.3265
-5.34646
-5.36214
-5.37257
-5.37709
-5.3756
-5.36856
-5.35637
-5.33974
-5.31921
-5.29561
-5.26948
-5.24152
-5.21216
-5.18197
-5.15122
-5.12033
-5.08944
-5.05891
-5.02846
-4.99929
0.151868
-0.722566
-1.47897
-2.11559
-2.64156
-3.07487
-3.43172
-3.72541
-3.96696
-4.16482
-4.32483
-4.45065
-4.5444
-4.60734
-4.64066
-4.64609
-4.62625
-4.58457
-4.52504
-4.45167
-4.36814
-4.27825
-4.18823
-4.10089
-4.01773
-3.9399
-3.86787
-3.80181
-3.74132
-3.686
-3.63515
-3.58828
-3.54474
-3.50402
-3.46561
-3.42923
-3.39439
-3.36084
-3.3284
-3.29691
-3.26631
0.176287
-0.691273
-1.43805
-2.05939
-2.55964
-2.95318
-3.25585
-3.48362
-3.65226
-3.77669
-3.87029
-3.94453
-4.00873
-4.06986
-4.13246
-4.19867
-4.26861
-4.34086
-4.41322
-4.48331
-4.54916
-4.60862
-4.6596
-4.70036
-4.73048
-4.75018
-4.76034
-4.76187
-4.75597
-4.74393
-4.72726
-4.70712
-4.68448
-4.66014
-4.63469
-4.60867
-4.58247
-4.55636
-4.53056
-4.50524
-4.48047
0.19019
-0.688051
-1.44995
-2.09404
-2.62216
-3.04245
-3.36407
-3.59634
-3.74895
-3.83163
-3.85384
-3.82457
-3.75241
-3.64549
-3.51167
-3.35841
-3.19284
-3.02138
-2.84961
-2.68185
-2.52124
-2.37037
-2.23366
-2.11255
-2.00688
-1.916
-1.83893
-1.77452
-1.72036
-1.67348
-1.63234
-1.59624
-1.56459
-1.53669
-1.51213
-1.49014
-1.47044
-1.45271
-1.43679
-1.42195
-1.40911
0.192125
-0.680525
-1.41043
-2.01285
-2.50657
-2.91206
-3.24661
-3.52371
-3.75392
-3.94562
-4.1055
-4.23893
-4.35027
-4.44301
-4.51988
-4.58295
-4.63371
-4.67334
-4.70284
-4.72329
-4.73589
-4.74181
-4.73989
-4.73031
-4.71451
-4.69405
-4.66997
-4.6432
-4.61597
-4.59051
-4.56744
-4.5467
-4.52823
-4.51218
-4.49849
-4.4873
-4.4785
-4.47208
-4.46789
-4.46605
-4.46577
28.9309
33.4088
31.919
31.1731
29.6724
27.3904
25.0669
22.9604
21.0157
19.2274
17.606
16.1529
14.849
13.6779
12.6238
11.675
10.8199
10.0472
9.34588
8.70702
8.12512
7.59557
7.11204
6.67019
6.26516
5.89378
5.55216
5.23776
4.94762
4.67998
4.43246
4.20349
3.99109
3.79402
3.61057
3.43978
3.28026
3.13122
2.99135
2.86018
2.73664
2.62023
2.5103
2.40634
2.30765
2.21454
2.12577
2.04089
1.95965
1.88152
1.80636
1.73344
1.66281
1.59354
1.5255
1.45816
1.3914
1.32479
1.25838
1.19168
1.12437
1.05598
0.986007
0.914336
0.840392
0.764405
0.685785
0.603867
0.516626
0.427068
0.326283
0.236989
0.100731
0.0796984
28.3381
32.7249
31.4527
30.9717
29.5408
27.2482
24.916
22.8043
20.8567
19.0655
17.4438
15.9924
14.6919
13.525
12.4756
11.5319
10.6823
9.91652
9.22335
8.5925
8.01787
7.4944
7.01612
6.57926
6.17927
5.81276
5.47573
5.16551
4.87942
4.61567
4.37179
4.1462
3.93703
3.74296
3.56236
3.39425
3.23727
3.09059
2.95297
2.82392
2.70239
2.58786
2.47969
2.3774
2.28031
2.1886
2.10122
2.01778
1.93785
1.86096
1.78698
1.71518
1.6456
1.57733
1.51024
1.4438
1.37789
1.31209
1.24648
1.18055
1.11396
1.04625
0.976951
0.905934
0.832661
0.757357
0.67942
0.598183
0.511653
0.42283
0.322882
0.234334
0.0993213
0.0786929
28.0874
31.9952
30.9885
30.7076
29.3576
27.0737
24.7391
22.6244
20.6742
18.8799
17.2575
15.8073
14.5102
13.3478
12.3039
11.3665
10.5233
9.76426
9.07845
8.45535
7.88947
7.37497
6.90496
6.47489
6.08073
5.71962
5.38796
5.08288
4.80207
4.54292
4.30324
4.0816
3.8762
3.68568
3.50841
3.34343
3.18938
3.04544
2.91042
2.7838
2.66456
2.55218
2.44604
2.34565
2.25037
2.16009
2.07436
1.99253
1.91405
1.83854
1.76586
1.69532
1.62689
1.55974
1.49369
1.42825
1.36329
1.2984
1.23373
1.16862
1.10282
1.03585
0.967281
0.896977
0.824442
0.749873
0.672661
0.592146
0.506377
0.41833
0.319276
0.231521
0.0978413
0.0776167
27.707
31.3552
30.5727
30.4082
29.1302
26.8692
24.5412
22.4285
20.4772
18.6798
17.056
15.6063
14.3112
13.1519
12.1124
11.1806
10.3436
9.59195
8.91367
8.29771
7.73908
7.23274
6.77206
6.35171
5.96674
5.61326
5.28791
4.98874
4.71361
4.4599
4.22543
4.00858
3.80761
3.62118
3.44778
3.28644
3.13584
2.9951
2.86309
2.73926
2.62266
2.51275
2.40892
2.31071
2.21749
2.12898
2.04509
1.96499
1.88812
1.81415
1.74293
1.67378
1.60665
1.54073
1.47583
1.41149
1.34757
1.28377
1.22006
1.15584
1.09089
1.02472
0.956953
0.887432
0.815704
0.741922
0.665479
0.585735
0.500779
0.413556
0.315461
0.22855
0.0962929
0.0764758
27.2442
30.5609
29.9415
29.9793
28.8328
26.616
24.3033
22.2024
20.258
18.4629
16.8411
15.3925
14.0988
12.9417
11.9054
10.9778
10.1461
9.4009
8.72992
8.1213
7.5701
7.07119
6.61795
6.20581
5.83044
5.48731
5.17189
4.88123
4.61296
4.36514
4.13634
3.92509
3.72958
3.54821
3.37942
3.2223
3.07564
2.93861
2.81011
2.68957
2.57603
2.46897
2.36779
2.27206
2.1812
2.0949
2.01311
1.93497
1.85992
1.7877
1.7181
1.65052
1.58482
1.52027
1.45665
1.39352
1.33073
1.26806
1.20536
1.14211
1.07809
1.01281
0.945906
0.877244
0.806395
0.733461
0.657836
0.578915
0.494834
0.408489
0.311423
0.225411
0.0946687
0.0752711
26.6127
29.4098
28.9075
29.2388
28.3229
26.2121
23.9497
21.8932
19.9833
18.2097
16.6017
15.1606
13.871
12.7172
11.6849
10.7613
9.93384
9.19408
8.52967
7.92761
7.38364
6.89242
6.44674
6.04189
5.67383
5.33872
5.0327
4.75262
4.49486
4.25642
4.03526
3.83027
3.64048
3.46474
3.30149
3.14964
3.00781
2.87512
2.75064
2.63383
2.52383
2.42008
2.32201
2.22917
2.14102
2.05725
1.97782
1.90192
1.82897
1.75872
1.69098
1.62515
1.56107
1.49804
1.43585
1.37407
1.31256
1.25108
1.1895
1.12732
1.06433
1.00003
0.934078
0.866358
0.796466
0.72444
0.649689
0.571653
0.488516
0.403114
0.307152
0.222099
0.0929602
0.0740087
25.3269
27.5712
27.2052
27.9403
27.3973
25.4982
23.3527
21.389
19.5559
17.8383
16.2729
14.8665
13.6033
12.4689
11.4499
10.5342
9.71087
8.9754
8.31692
7.71964
7.18151
6.69721
6.25916
5.86221
5.50198
5.1742
4.8753
4.60276
4.35388
4.12576
3.91546
3.72063
3.53934
3.3704
3.21291
3.06656
2.93025
2.80294
2.68349
2.57122
2.46532
2.36532
2.27076
2.18123
2.09625
2.01542
1.93872
1.86538
1.7948
1.72679
1.66115
1.5973
1.53506
1.47375
1.41317
1.3529
1.29281
1.23267
1.17235
1.11137
1.04951
0.98628
0.921389
0.854703
0.785846
0.714803
0.640993
0.563912
0.481796
0.39741
0.302635
0.218601
0.0911508
0.0726979
22.4756
24.5664
24.4132
25.5486
25.5737
24.1478
22.3171
20.5687
18.8912
17.2768
15.7793
14.4249
13.2068
12.1125
11.1301
10.2466
9.44909
8.73531
8.09271
7.50458
6.97214
6.49251
6.05961
5.66863
5.31538
4.9952
4.70399
4.43884
4.1971
3.97613
3.77388
3.58872
3.41831
3.26001
3.11191
2.97311
2.84286
2.72089
2.60673
2.49974
2.39898
2.30372
2.21341
2.12771
2.04626
1.96872
1.89513
1.82474
1.75693
1.6915
1.62827
1.56667
1.5065
1.44713
1.38835
1.32979
1.27131
1.21268
1.15377
1.09411
1.0335
0.971476
0.907752
0.842203
0.774472
0.704492
0.631699
0.555654
0.474646
0.39136
0.29786
0.214913
0.089225
0.0713528
16.8836
19.7557
20.2069
21.5886
22.1998
21.4795
20.2165
18.9089
17.5991
16.2802
15.0057
13.8129
12.7057
11.6811
10.7397
9.88204
9.1062
8.41449
7.79499
7.23125
6.72145
6.26136
5.84423
5.4647
5.1197
4.80636
4.52184
4.26363
4.02905
3.81504
3.61933
3.44065
3.27741
3.12763
2.98967
2.86172
2.74177
2.6284
2.52101
2.41947
2.32364
2.2333
2.14797
2.06709
1.99013
1.91663
1.84663
1.77954
1.7148
1.65229
1.59182
1.53283
1.47504
1.41789
1.36117
1.30453
1.24784
1.1909
1.13356
1.0754
1.01618
0.955492
0.893061
0.82876
0.762256
0.693435
0.621754
0.546836
0.467034
0.384941
0.292807
0.211016
0.0871568
0.0699913
9.67951
13.6247
15.0966
16.67
17.7334
17.7114
17.0378
16.191
15.288
14.3348
13.3784
12.4645
11.6059
10.8003
10.0454
9.33831
8.67589
8.0594
7.48332
6.94366
6.44637
5.99475
5.58724
5.2201
4.88908
4.59022
4.31946
4.07321
3.84877
3.64378
3.45627
3.28491
3.12807
2.98408
2.85183
2.73062
2.61924
2.51599
2.41914
2.3273
2.23943
2.15527
2.0749
1.99855
1.92614
1.85725
1.79175
1.72887
1.66791
1.60879
1.55142
1.4953
1.44019
1.38556
1.3312
1.27677
1.22213
1.16711
1.11154
1.05503
0.997385
0.938185
0.877195
0.814275
0.749112
0.681563
0.611102
0.537415
0.458925
0.378128
0.28746
0.206904
0.0849196
0.0686399
2.65126
7.05554
9.49848
11.4188
12.8788
13.5113
13.4727
13.1259
12.6359
12.0341
11.3636
10.6797
10.015
9.38351
8.79263
8.24575
7.74189
7.27752
6.84452
6.43396
6.04341
5.67169
5.3173
4.98068
4.66411
4.37075
4.10281
3.86046
3.64253
3.44689
3.27062
3.11095
2.96537
2.83158
2.70792
2.59354
2.48769
2.3897
2.29907
2.21519
2.13677
2.06243
1.99111
1.9222
1.8556
1.79136
1.73003
1.67132
1.61459
1.55965
1.5062
1.45363
1.40166
1.34988
1.29811
1.24614
1.19382
1.14098
1.08743
1.03282
0.976934
0.919403
0.86001
0.798615
0.734926
0.668782
0.599671
0.527339
0.450278
0.370888
0.28179
0.202556
0.0824744
0.0673339
-3.87623
0.438899
3.44675
5.79552
7.64309
8.8349
9.41754
9.61721
9.5913
9.39741
9.07957
8.69087
8.27044
7.83896
7.40924
6.99168
6.59408
6.22261
5.87962
5.56406
5.27473
5.009
4.76153
4.52668
4.30032
4.08005
3.8651
3.65606
3.45477
3.26441
3.08798
2.92745
2.78366
2.65571
2.54138
2.4382
2.34371
2.25584
2.17332
2.09569
2.02266
1.95408
1.88988
1.82938
1.77163
1.71567
1.66131
1.60812
1.55577
1.50473
1.45511
1.40641
1.35822
1.30999
1.26145
1.21239
1.16269
1.11226
1.06094
1.00844
0.954557
0.89893
0.841349
0.781666
0.71961
0.655014
0.587393
0.516545
0.441042
0.363183
0.275773
0.197963
0.0797815
0.0661238
-10.0798
-6.02979
-2.82101
-0.131959
2.07138
3.72275
4.85029
5.58149
6.03233
6.26848
6.33663
6.28522
6.15553
5.97509
5.76254
5.53222
5.29507
5.05846
4.82688
4.60235
4.38741
4.18519
3.99788
3.82632
3.66988
3.52643
3.39255
3.26408
3.13733
3.0102
2.882
2.75334
2.62605
2.50289
2.38686
2.28049
2.1854
2.10147
2.02694
1.95958
1.89714
1.83791
1.78123
1.72691
1.67496
1.62547
1.57846
1.53308
1.48816
1.44353
1.3991
1.35458
1.30999
1.26521
1.2201
1.17444
1.128
1.08056
1.0319
0.98181
0.930113
0.876551
0.82096
0.76319
0.702974
0.64013
0.574185
0.504981
0.431174
0.354975
0.269371
0.1931
0.0767835
0.065075
-16.1582
-12.3615
-9.11489
-6.22456
-3.74191
-1.72239
-0.142649
1.06869
1.98312
2.65449
3.12614
3.44011
3.63478
3.74033
3.77933
3.76966
3.72536
3.6573
3.57304
3.47788
3.37612
3.27145
3.16656
3.06322
2.96285
2.86705
2.77732
2.69484
2.61972
2.55085
2.48594
2.42192
2.35587
2.28597
2.21164
2.13343
2.05303
1.97295
1.89593
1.82458
1.76071
1.70448
1.65474
1.6096
1.56719
1.52619
1.4864
1.44744
1.40882
1.37081
1.3332
1.29522
1.25633
1.21622
1.1749
1.13251
1.08918
1.04486
0.999293
0.952168
0.903221
0.852161
0.798852
0.743183
0.684952
0.624006
0.559904
0.49252
0.420584
0.34621
0.262558
0.187968
0.0734238
0.0642792
-21.9119
-18.348
-15.1488
-12.1938
-9.55023
-7.27341
-5.35273
-3.7502
-2.42858
-1.35384
-0.492836
0.187752
0.719831
1.13127
1.44522
1.68104
1.85512
1.98071
2.06841
2.12645
2.16128
2.17817
2.18129
2.1737
2.1578
2.13564
2.10894
2.0792
2.04786
2.01625
1.98569
1.95722
1.93127
1.90722
1.88343
1.85761
1.82748
1.79157
1.74939
1.70156
1.64976
1.59626
1.54374
1.49476
1.45098
1.41257
1.37892
1.34813
1.31805
1.28795
1.25736
1.22589
1.19326
1.15925
1.1237
1.08637
1.04724
1.00635
0.963702
0.919302
0.873067
0.82476
0.774193
0.721147
0.665349
0.606626
0.54458
0.479159
0.40922
0.33681
0.255259
0.182528
0.069615
0.0638641
-27.0186
-23.7281
-20.6698
-17.7762
-15.1031
-12.6984
-10.5647
-8.68705
-7.05093
-5.64056
-4.43638
-3.41627
-2.55744
-1.83816
-1.23837
-0.740038
-0.327079
0.0144864
0.296556
0.529012
0.720183
0.877205
1.00598
1.11136
1.19726
1.2668
1.3225
1.36651
1.40057
1.42623
1.44488
1.45788
1.46656
1.47219
1.47593
1.47868
1.48082
1.48192
1.48072
1.47549
1.4646
1.44705
1.4228
1.39273
1.35842
1.32193
1.28591
1.25215
1.22142
1.19396
1.16878
1.14425
1.11888
1.09176
1.06263
1.0314
0.998061
0.962546
0.924642
0.884184
0.841135
0.7955
0.747396
0.696817
0.643551
0.587368
0.527788
0.464705
0.397045
0.326802
0.247498
0.176793
0.0652562
0.0639743
-31.1453
-28.1882
-25.3621
-22.6399
-20.0618
-17.6631
-15.4542
-13.4352
-11.6057
-9.96268
-8.49913
-7.20432
-6.06549
-5.06888
-4.20043
-3.44612
-2.79267
-2.22752
-1.73945
-1.31829
-0.954913
-0.641361
-0.37066
-0.136799
0.0652474
0.2398
0.390641
0.520913
0.633318
0.730107
0.813175
0.884144
0.944455
0.99542
1.03824
1.07406
1.10402
1.12921
1.15055
1.16877
1.18425
1.19677
1.20554
1.2095
1.20767
1.19959
1.18562
1.1665
1.14331
1.11782
1.09167
1.06606
1.04139
1.01731
0.992965
0.967402
0.939885
0.909968
0.877452
0.842154
0.803954
0.762739
0.718444
0.671052
0.620497
0.566755
0.509545
0.448855
0.383689
0.31592
0.239159
0.170775
0.060249
0.0648687
-33.8532
-31.2701
-28.7484
-26.2852
-23.9067
-21.6366
-19.4875
-17.4671
-15.5822
-13.8371
-12.2333
-10.7688
-9.43967
-8.23976
-7.16156
-6.19675
-5.33626
-4.57108
-3.8922
-3.29089
-2.75898
-2.28886
-1.87351
-1.50672
-1.18287
-0.89686
-0.644283
-0.421209
-0.224251
-0.0504182
0.102875
0.237897
0.356628
0.460792
0.551871
0.631177
0.699936
0.759318
0.810429
0.854347
0.892138
0.92474
0.952853
0.976923
0.997088
1.01307
1.02437
1.03019
1.02981
1.02327
1.01114
0.994359
0.97412
0.951659
0.928105
0.904105
0.879608
0.853968
0.826316
0.795874
0.762232
0.725328
0.685201
0.641853
0.595123
0.544786
0.490508
0.432371
0.369637
0.304287
0.23013
0.164322
0.0543016
0.0669452
-35.1691
-32.9632
-30.7733
-28.6086
-26.4853
-24.4186
-22.4204
-20.5012
-18.6701
-16.935
-15.3018
-13.774
-12.3534
-11.0397
-9.83103
-8.72418
-7.71485
-6.79779
-5.96729
-5.21723
-4.5414
-3.93355
-3.38773
-2.89823
-2.45961
-2.06687
-1.71542
-1.4011
-1.12014
-0.869147
-0.645052
-0.44513
-0.266929
-0.108264
0.0328127
0.158045
0.26902
0.36716
0.453714
0.529781
0.596366
0.654361
0.704536
0.747584
0.784177
0.814973
0.840518
0.861187
0.877065
0.888119
0.894193
0.895015
0.890411
0.880546
0.866006
0.847633
0.826286
0.802611
0.776973
0.749284
0.719155
0.686152
0.649935
0.610328
0.567205
0.520397
0.469569
0.414704
0.35502
0.292426
0.220951
0.157735
0.0474543
0.0701688
-35.3647
-33.5158
-31.6568
-29.799
-27.952
-26.126
-24.331
-22.5771
-20.8736
-19.229
-17.6507
-16.1451
-14.717
-13.37
-12.1059
-10.9257
-9.82887
-8.81387
-7.87828
-7.01893
-6.23207
-5.51359
-4.85917
-4.26432
-3.72458
-3.23561
-2.79323
-2.39346
-2.0326
-1.70716
-1.41394
-1.15001
-0.912672
-0.699461
-0.508139
-0.336671
-0.183189
-0.0460019
0.0764106
0.185407
0.282201
0.367853
0.443257
0.509167
0.566288
0.615285
0.656854
0.691624
0.720184
0.74314
0.76103
0.774223
0.78283
0.786753
0.785808
0.779801
0.768654
0.752485
0.731703
0.706891
0.678671
0.647588
0.613872
0.577385
0.537706
0.494355
0.44686
0.395228
0.338818
0.279476
0.211318
0.151145
0.0395734
0.0750119
-34.7126
-33.189
-31.6425
-30.0802
-28.5085
-26.9343
-25.3658
-23.811
-22.2782
-20.775
-19.3089
-17.8869
-16.5151
-15.1988
-13.9424
-12.7492
-11.6216
-10.5607
-9.56716
-8.64036
-7.7791
-6.9815
-6.24519
-5.56738
-4.94503
-4.3749
-3.85366
-3.378
-2.94464
-2.55043
-2.19231
-1.86743
-1.57306
-1.30665
-1.06588
-0.848541
-0.652601
-0.476187
-0.317585
-0.175232
-0.0477169
0.0662164
0.167665
0.257583
0.336807
0.406127
0.466216
0.517717
0.561215
0.597352
0.626813
0.650294
0.668424
0.68169
0.690424
0.694697
0.69429
0.688795
0.677844
0.661267
0.639225
0.612274
0.581149
0.546496
0.508657
0.467597
0.422895
0.374353
0.321205
0.26514
0.200541
0.143869
0.0280865
0.0855585
-33.4599
-32.2221
-30.9568
-29.6651
-28.3514
-27.0213
-25.6809
-24.3359
-22.9927
-21.6577
-20.3376
-19.0386
-17.767
-16.5285
-15.3283
-14.1712
-13.0608
-12.0006
-10.9928
-10.0391
-9.14029
-8.29667
-7.50771
-6.77241
-6.08931
-5.45653
-4.87193
-4.33318
-3.83778
-3.3832
-2.96685
-2.5862
-2.23873
-1.92211
-1.63401
-1.37225
-1.13475
-0.91959
-0.724957
-0.549182
-0.390733
-0.248214
-0.120368
-0.00607047
0.0956976
0.185833
0.265184
0.334469
0.394353
0.445487
0.488531
0.52415
0.552997
0.575675
0.592741
0.604643
0.611638
0.613798
0.611019
0.603078
0.589727
0.570849
0.546501
0.516916
0.482461
0.443563
0.400517
0.353771
0.303009
0.249839
0.188855
0.136131
0.0143803
0.104462
-31.8033
-30.8096
-29.7888
-28.736
-27.6543
-26.549
-25.4244
-24.2841
-23.1325
-21.9746
-20.8157
-19.6609
-18.5159
-17.3858
-16.2759
-15.1909
-14.1355
-13.1137
-12.1291
-11.1847
-10.2827
-9.4251
-8.61288
-7.84665
-7.12646
-6.45184
-5.82196
-5.23561
-4.6913
-4.18733
-3.72183
-3.29279
-2.89826
-2.53616
-2.20444
-1.90107
-1.62413
-1.37173
-1.14209
-0.933532
-0.744468
-0.573442
-0.419101
-0.28021
-0.15565
-0.0443681
0.0545595
0.142001
0.218734
0.285498
0.343012
0.391963
0.432992
0.466672
0.493514
0.513974
0.528426
0.53717
0.540483
0.538577
0.531591
0.51958
0.502472
0.480079
0.452185
0.418694
0.379673
0.335702
0.287043
0.235767
0.177686
0.128162
0.0119073
0.115468
-29.9093
-29.1189
-28.3046
-27.4559
-26.5756
-25.6693
-24.7396
-23.7885
-22.8184
-21.8332
-20.8366
-19.8327
-18.8258
-17.8203
-16.8207
-15.8316
-14.8572
-13.902
-12.9697
-12.0641
-11.1883
-10.3451
-9.53671
-8.76501
-8.03124
-7.33621
-6.68029
-6.06339
-5.48508
-4.94464
-4.44098
-3.97295
-3.53914
-3.13799
-2.76787
-2.42713
-2.11407
-1.82703
-1.56434
-1.32442
-1.10573
-0.906827
-0.726334
-0.562979
-0.415568
-0.283019
-0.164291
-0.0584538
0.0353674
0.118004
0.190256
0.25288
0.306571
0.351937
0.389502
0.419708
0.442921
0.459458
0.469638
0.473799
0.47228
0.46541
0.453434
0.436439
0.414327
0.386888
0.353872
0.315376
0.271401
0.223595
0.169495
0.121002
0.0355511
0.0881307
-27.8952
-27.271
-26.6273
-25.9493
-25.2398
-24.5046
-23.7454
-22.9625
-22.1572
-21.3321
-20.4898
-19.6331
-18.7651
-17.8892
-17.009
-16.1283
-15.2508
-14.3805
-13.5212
-12.6764
-11.8498
-11.0445
-10.2633
-9.50897
-8.78349
-8.08867
-7.42585
-6.79593
-6.19951
-5.63671
-5.10745
-4.6113
-4.14757
-3.71535
-3.31358
-2.94106
-2.5965
-2.27855
-1.9858
-1.71686
-1.47035
-1.24491
-1.03923
-0.852056
-0.682215
-0.528572
-0.390093
-0.265784
-0.154717
-0.0560068
0.031196
0.107698
0.174245
0.231505
0.280064
0.320422
0.353005
0.378165
0.396248
0.407577
0.412469
0.411259
0.404266
0.391757
0.373917
0.350867
0.322642
0.289394
0.251104
0.208593
0.161351
0.113756
0.0768535
0.0208458
-25.856
-25.3654
-24.86
-24.3218
-23.7539
-23.1623
-22.5481
-21.9104
-21.2497
-20.5673
-19.8652
-19.145
-18.4089
-17.6591
-16.8983
-16.1295
-15.3556
-14.5798
-13.8056
-13.0361
-12.2748
-11.5247
-10.7891
-10.0707
-9.37217
-8.69585
-8.04375
-7.41757
-6.81861
-6.2479
-5.70611
-5.19356
-4.71032
-4.25616
-3.83065
-3.43314
-3.06284
-2.7188
-2.39997
-2.10528
-1.83358
-1.58368
-1.35442
-1.14466
-0.95326
-0.779171
-0.62133
-0.478764
-0.350525
-0.235708
-0.13344
-0.0428959
0.0366966
0.106045
0.165786
0.216488
0.258648
0.292712
0.319076
0.3381
0.350104
0.355389
0.354238
0.346907
0.333649
0.314738
0.290465
0.261232
0.227427
0.189558
0.149295
0.104009
0.102449
-0.0425066
-23.8498
-23.4656
-23.0709
-22.6457
-22.1934
-21.7204
-21.2271
-20.7119
-20.1747
-19.6163
-19.0376
-18.4397
-17.8237
-17.1912
-16.5439
-15.8839
-15.2134
-14.5349
-13.8509
-13.1643
-12.478
-11.7948
-11.1176
-10.4492
-9.79242
-9.14978
-8.52365
-7.91617
-7.32922
-6.76439
-6.223
-5.70603
-5.21423
-4.74801
-4.30757
-3.89283
-3.50354
-3.13921
-2.79929
-2.48304
-2.18962
-1.91813
-1.66761
-1.43709
-1.22561
-1.03216
-0.855794
-0.695564
-0.550553
-0.419871
-0.302655
-0.198083
-0.105374
-0.0238007
0.0473052
0.108553
0.160499
0.203641
0.238442
0.265314
0.284621
0.296694
0.30183
0.300302
0.292375
0.278346
0.258565
0.233498
0.203776
0.169834
0.134613
0.0929944
0.0935202
-0.0589303
-21.9215
-21.6212
-21.3139
-20.9789
-20.6199
-20.2432
-19.8491
-19.4355
-19.0017
-18.5482
-18.0755
-17.5839
-17.0741
-16.5468
-16.0031
-15.4443
-14.8719
-14.2877
-13.6935
-13.0917
-12.4843
-11.8738
-11.2627
-10.6536
-10.049
-9.45135
-8.86317
-8.28675
-7.72422
-7.17756
-6.6485
-6.13853
-5.6489
-5.1806
-4.73435
-4.31067
-3.90976
-3.53175
-3.17646
-2.8436
-2.53269
-2.24318
-1.97439
-1.7256
-1.49602
-1.28483
-1.09119
-0.914271
-0.753221
-0.607207
-0.47541
-0.357034
-0.251313
-0.157519
-0.0749713
-0.00303723
0.0588657
0.111281
0.154697
0.189566
0.216297
0.235267
0.246831
0.251322
0.249066
0.240407
0.22573
0.20549
0.18036
0.150757
0.11953
0.0826221
0.0668691
-0.0347778
-20.0928
-19.8583
-19.6197
-19.3562
-19.0717
-18.7726
-18.4588
-18.1282
-17.7798
-17.4138
-17.0302
-16.6293
-16.2109
-15.7756
-15.3237
-14.8561
-14.3735
-13.8773
-13.3686
-12.8489
-12.32
-11.7836
-11.2419
-10.6968
-10.1506
-9.60554
-9.06389
-8.5279
-7.99974
-7.4815
-6.97513
-6.48241
-6.00495
-5.54413
-5.10113
-4.67688
-4.27216
-3.88747
-3.52313
-3.17924
-2.85576
-2.55248
-2.26908
-2.00511
-1.76004
-1.53326
-1.32413
-1.13195
-0.955994
-0.795536
-0.649832
-0.518147
-0.399756
-0.293956
-0.200078
-0.117489
-0.0455892
0.0161704
0.0683098
0.111303
0.145593
0.171595
0.189715
0.200348
0.203892
0.200761
0.191402
0.176303
0.15614
0.131401
0.104238
0.0724323
0.0459049
-0.0070146
-18.3802
-18.1971
-18.0119
-17.8047
-17.5794
-17.3422
-17.0929
-16.8294
-16.5505
-16.2563
-15.9467
-15.6216
-15.2807
-14.924
-14.5516
-14.1639
-13.7613
-13.3444
-12.9139
-12.471
-12.0167
-11.5522
-11.0792
-10.5992
-10.1139
-9.62532
-9.13533
-8.64596
-8.15923
-7.67716
-7.2017
-6.73475
-6.27807
-5.83329
-5.40187
-4.98511
-4.58414
-4.19985
-3.83294
-3.48396
-3.15322
-2.84091
-2.54704
-2.27151
-2.01404
-1.77431
-1.55189
-1.34628
-1.15693
-0.983238
-0.824589
-0.680337
-0.549833
-0.432428
-0.327491
-0.234412
-0.152606
-0.0815141
-0.0206169
0.0305805
0.0725451
0.105728
0.130572
0.147521
0.157025
0.159555
0.155616
0.145754
0.130667
0.11096
0.0882174
0.0615478
0.0350005
0.00483494
-16.7856
-16.6424
-16.4988
-16.3358
-16.1573
-15.9692
-15.7714
-15.5616
-15.3389
-15.1032
-14.8542
-14.5917
-14.3152
-14.0246
-13.7198
-13.4008
-13.0676
-12.7206
-12.3601
-11.9867
-11.6009
-11.2038
-10.7962
-10.3794
-9.9546
-9.52332
-9.0871
-8.64764
-8.20667
-7.76599
-7.32743
-6.8928
-6.46386
-6.04234
-5.62983
-5.22784
-4.83771
-4.46064
-4.09766
-3.74963
-3.41724
-3.10099
-2.80127
-2.51825
-2.252
-2.00248
-1.76949
-1.55278
-1.35201
-1.16674
-0.996506
-0.8408
-0.699074
-0.570768
-0.455317
-0.35216
-0.260743
-0.180533
-0.111011
-0.0516783
-0.00205098
0.0383456
0.069985
0.0933449
0.108916
0.11721
0.118777
0.114216
0.104251
0.0895976
0.0715165
0.0500748
0.0275183
0.00627032
-15.3127
-15.2006
-15.0893
-14.9608
-14.8192
-14.67
-14.513
-14.3462
-14.1685
-13.9799
-13.7802
-13.5688
-13.3455
-13.1098
-12.8616
-12.6005
-12.3267
-12.04
-11.7405
-11.4284
-11.1041
-10.768
-10.4208
-10.0632
-9.69603
-9.32043
-8.93752
-8.54863
-8.15514
-7.75859
-7.36052
-6.96258
-6.5664
-6.17364
-5.78589
-5.40471
-5.03157
-4.66784
-4.31476
-3.97344
-3.64482
-3.32974
-3.02884
-2.74262
-2.47145
-2.21555
-1.97501
-1.74983
-1.53989
-1.34495
-1.16475
-0.998917
-0.847058
-0.708724
-0.583446
-0.470736
-0.370104
-0.281049
-0.203082
-0.135714
-0.0784602
-0.0308343
0.00765482
0.0375095
0.0592501
0.0734237
0.0806193
0.0814834
0.0767668
0.0672878
0.0540837
0.038044
0.0194353
0.0059912
-13.9513
-13.8634
-13.7769
-13.6754
-13.5628
-13.4443
-13.3196
-13.1868
-13.0451
-12.8943
-12.7342
-12.5645
-12.3845
-12.194
-11.9925
-11.78
-11.556
-11.3205
-11.0733
-10.8145
-10.544
-10.2622
-9.96921
-9.66556
-9.35174
-9.02849
-8.69656
-8.35693
-8.01063
-7.65886
-7.30289
-6.94408
-6.58386
-6.22371
-5.86511
-5.50958
-5.15856
-4.81349
-4.4757
-4.14645
-3.82689
-3.51802
-3.22076
-2.93587
-2.66395
-2.4055
-2.16087
-1.93033
-1.71395
-1.51177
-1.3237
-1.14957
-0.989127
-0.842078
-0.708071
-0.586723
-0.477617
-0.380324
-0.294393
-0.219367
-0.154776
-0.10014
-0.0549624
-0.0187278
0.00910553
0.0291146
0.0419246
0.0482299
0.0488095
0.0445781
0.036406
0.0258339
0.0113269
0.00621086
-12.7058
-12.6367
-12.5695
-12.4892
-12.3995
-12.3051
-12.206
-12.1002
-11.9871
-11.8665
-11.7383
-11.6019
-11.4571
-11.3033
-11.1403
-10.9677
-10.7852
-10.5926
-10.3896
-10.1761
-9.952
-9.71728
-9.472
-9.21636
-8.9506
-8.67513
-8.39042
-8.09713
-7.79595
-7.48778
-7.17355
-6.85437
-6.53137
-6.20582
-5.87901
-5.5523
-5.22704
-4.90461
-4.58635
-4.27356
-3.96748
-3.66925
-3.37994
-3.10049
-2.83173
-2.57437
-2.32901
-2.09612
-1.87606
-1.66906
-1.47524
-1.29462
-1.12716
-0.972712
-0.831065
-0.701961
-0.585092
-0.480109
-0.386631
-0.30425
-0.232531
-0.171016
-0.119219
-0.0766231
-0.0426745
-0.0167739
0.00173565
0.0135931
0.0196088
0.020783
0.0178899
0.0129148
0.00337843
0.00562776
-11.5506
-11.4962
-11.4438
-11.38
-11.3083
-11.233
-11.1539
-11.0696
-10.9791
-10.8826
-10.7798
-10.6704
-10.5539
-10.43
-10.2983
-10.1585
-10.0102
-9.85327
-9.68727
-9.51203
-9.32733
-9.13307
-8.92913
-8.71553
-8.49232
-8.25967
-8.01783
-7.76716
-7.50812
-7.24128
-6.96732
-6.68704
-6.4013
-6.11112
-5.81755
-5.52175
-5.2249
-4.92825
-4.63306
-4.34058
-4.05205
-3.76866
-3.49156
-3.22178
-2.96032
-2.70806
-2.46577
-2.23415
-2.01375
-1.80499
-1.60823
-1.42368
-1.25147
-1.09163
-0.944128
-0.808832
-0.685555
-0.574058
-0.474043
-0.38517
-0.307059
-0.239289
-0.181397
-0.132879
-0.0931777
-0.0616805
-0.0377055
-0.020476
-0.00914833
-0.00265241
-0.000237311
0.000347488
-0.00364045
0.00461106
-10.5093
-10.4664
-10.4255
-10.3746
-10.317
-10.2568
-10.1936
-10.1261
-10.0537
-9.97626
-9.89375
-9.80578
-9.71203
-9.61208
-9.50569
-9.39245
-9.27213
-9.14435
-9.00885
-8.86537
-8.71363
-8.55344
-8.38459
-8.20699
-8.02054
-7.82527
-7.62123
-7.40859
-7.18757
-6.95853
-6.72188
-6.47818
-6.22803
-5.97219
-5.71146
-5.44679
-5.17915
-4.9096
-4.63926
-4.36927
-4.10079
-3.83499
-3.573
-3.31592
-3.06481
-2.82065
-2.58436
-2.35679
-2.13864
-1.93054
-1.73302
-1.54649
-1.37127
-1.20755
-1.05547
-0.915056
-0.786258
-0.668955
-0.562957
-0.468011
-0.383808
-0.309981
-0.246109
-0.191709
-0.146236
-0.109074
-0.0795246
-0.0567818
-0.0399679
-0.0279559
-0.0199616
-0.0136056
-0.0115185
0.00234754
-9.5194
-9.48548
-9.45361
-9.41295
-9.36659
-9.31819
-9.2676
-9.21351
-9.15541
-9.09328
-9.02701
-8.9563
-8.88078
-8.80025
-8.71435
-8.62288
-8.52543
-8.42178
-8.3116
-8.1946
-8.07053
-7.93914
-7.80019
-7.65349
-7.49889
-7.33629
-7.16562
-6.9869
-6.8002
-6.60569
-6.40357
-6.19419
-5.97795
-5.75535
-5.52699
-5.29355
-5.05581
-4.81464
-4.57094
-4.32572
-4.08
-3.83485
-3.59136
-3.35057
-3.11357
-2.88137
-2.65496
-2.43528
-2.22317
-2.01938
-1.8246
-1.6394
-1.46426
-1.29955
-1.14556
-1.00247
-0.870378
-0.74929
-0.639132
-0.539749
-0.450916
-0.372337
-0.303639
-0.244379
-0.194032
-0.15199
-0.117548
-0.0898782
-0.068071
-0.0509526
-0.0376668
-0.0258022
-0.017655
0.00109913
-8.66627
-8.63934
-8.61405
-8.58121
-8.54364
-8.50454
-8.46371
-8.42005
-8.37311
-8.32289
-8.26931
-8.2121
-8.15102
-8.08575
-8.0161
-7.94175
-7.86249
-7.77799
-7.68801
-7.59229
-7.49053
-7.3825
-7.26794
-7.14662
-7.01834
-6.88294
-6.74027
-6.59025
-6.43283
-6.26804
-6.09596
-5.91674
-5.73061
-5.53789
-5.33896
-5.13433
-4.92453
-4.71024
-4.49219
-4.27118
-4.0481
-3.82387
-3.59945
-3.37585
-3.15407
-2.93513
-2.72001
-2.50971
-2.30513
-2.10713
-1.91649
-1.73392
-1.56004
-1.39538
-1.24037
-1.09534
-0.960534
-0.836096
-0.722074
-0.618425
-0.525022
-0.441648
-0.368001
-0.303684
-0.24821
-0.200987
-0.161315
-0.128353
-0.10116
-0.0785204
-0.0594776
-0.0416565
-0.0268523
-0.00255992
-7.78269
-7.76143
-7.74197
-7.71571
-7.68533
-7.65386
-7.62114
-7.58615
-7.5485
-7.50821
-7.46521
-7.4193
-7.37019
-7.31774
-7.26169
-7.20188
-7.13798
-7.06984
-6.99714
-6.91966
-6.83714
-6.74935
-6.65602
-6.55695
-6.45189
-6.34065
-6.22305
-6.09895
-5.96821
-5.83077
-5.68661
-5.53575
-5.37829
-5.2144
-5.04428
-4.86825
-4.6867
-4.50009
-4.30896
-4.11395
-3.91576
-3.71513
-3.51292
-3.30997
-3.10722
-2.90559
-2.70605
-2.50955
-2.31701
-2.12934
-1.94738
-1.77191
-1.60366
-1.44327
-1.29129
-1.14818
-1.01432
-0.889967
-0.775294
-0.670369
-0.575165
-0.489555
-0.413306
-0.346084
-0.287446
-0.236827
-0.19354
-0.156738
-0.125449
-0.098423
-0.0745831
-0.051616
-0.0307714
-0.00237557
-7.13118
-7.11396
-7.09766
-7.07566
-7.05041
-7.02432
-6.99719
-6.96817
-6.93696
-6.90359
-6.868
-6.83
-6.78942
-6.74601
-6.69966
-6.65009
-6.5972
-6.54069
-6.48039
-6.41608
-6.34753
-6.2745
-6.19678
-6.11414
-6.02635
-5.93321
-5.83451
-5.73007
-5.61974
-5.50338
-5.3809
-5.25226
-5.11743
-4.97649
-4.82951
-4.67669
-4.51826
-4.35452
-4.18587
-4.01275
-3.83571
-3.65537
-3.47237
-3.28747
-3.10147
-2.91521
-2.72956
-2.54542
-2.3637
-2.18529
-2.01105
-1.84181
-1.67838
-1.52146
-1.37171
-1.22969
-1.0959
-0.970717
-0.854419
-0.747193
-0.649114
-0.560147
-0.480145
-0.408842
-0.345848
-0.290639
-0.242545
-0.200723
-0.164169
-0.131593
-0.101779
-0.072514
-0.0443233
-0.00931519
-6.25066
-6.23757
-6.22607
-6.20918
-6.18927
-6.16884
-6.14779
-6.12525
-6.10096
-6.07496
-6.04721
-6.01758
-5.98583
-5.95191
-5.91561
-5.87683
-5.83533
-5.79098
-5.74356
-5.69288
-5.63874
-5.58097
-5.51933
-5.45364
-5.38368
-5.30925
-5.23014
-5.14617
-5.05715
-4.96293
-4.86336
-4.75835
-4.6478
-4.5317
-4.41004
-4.2829
-4.15039
-4.01269
-3.87003
-3.72273
-3.57118
-3.4158
-3.25714
-3.09576
-2.93234
-2.76755
-2.60218
-2.43704
-2.27294
-2.11071
-1.95121
-1.79525
-1.64363
-1.49711
-1.3564
-1.22212
-1.09484
-0.975032
-0.863068
-0.759225
-0.663672
-0.576461
-0.497524
-0.426666
-0.363557
-0.307715
-0.258498
-0.215065
-0.176384
-0.141121
-0.107902
-0.0745478
-0.0410798
-0.0038114
-5.88841
-5.87675
-5.86482
-5.84863
-5.83034
-5.81163
-5.7922
-5.77144
-5.74918
-5.72546
-5.70023
-5.67331
-5.64466
-5.61405
-5.58146
-5.54668
-5.50965
-5.4701
-5.42796
-5.38306
-5.33522
-5.28425
-5.22998
-5.17223
-5.11082
-5.04555
-4.97624
-4.90271
-4.82478
-4.74229
-4.65508
-4.56304
-4.46605
-4.36404
-4.25696
-4.14482
-4.02764
-3.90552
-3.77861
-3.64711
-3.51126
-3.37142
-3.22795
-3.08133
-2.93208
-2.78078
-2.62808
-2.47467
-2.32131
-2.16874
-2.01776
-1.86916
-1.72372
-1.5822
-1.44533
-1.31379
-1.18818
-1.06904
-0.956819
-0.851882
-0.754475
-0.664733
-0.58267
-0.508164
-0.440948
-0.380594
-0.326488
-0.277805
-0.233476
-0.19212
-0.152151
-0.111523
-0.0690197
-0.0211378
-4.79844
-4.79137
-4.78604
-4.77636
-4.76433
-4.75217
-4.73979
-4.72649
-4.71204
-4.69652
-4.67991
-4.66217
-4.64306
-4.62261
-4.60062
-4.57703
-4.55167
-4.5245
-4.49531
-4.46397
-4.43036
-4.39433
-4.35571
-4.31434
-4.27006
-4.22269
-4.17207
-4.11803
-4.0604
-3.999
-3.93369
-3.86431
-3.79074
-3.71285
-3.63057
-3.54383
-3.4526
-3.35689
-3.25676
-3.1523
-3.04369
-2.93109
-2.81482
-2.69515
-2.5725
-2.4473
-2.32008
-2.19139
-2.06186
-1.93214
-1.80292
-1.67491
-1.54884
-1.42543
-1.30536
-1.1893
-1.07788
-0.971661
-0.87112
-0.776666
-0.688603
-0.607129
-0.53232
-0.464115
-0.402306
-0.346513
-0.296157
-0.250417
-0.208187
-0.168001
-0.128047
-0.0860537
-0.0408926
0.00286587
-4.97446
-4.96499
-4.9532
-4.93815
-4.92209
-4.90584
-4.88893
-4.87096
-4.85188
-4.83175
-4.81053
-4.78805
-4.76435
-4.73921
-4.71269
-4.68462
-4.65499
-4.62359
-4.59039
-4.55528
-4.51812
-4.47879
-4.43718
-4.39314
-4.34655
-4.29728
-4.24518
-4.19012
-4.13195
-4.07055
-4.00578
-3.93751
-3.86562
-3.79001
-3.71058
-3.62728
-3.54005
-3.44888
-3.35378
-3.2548
-3.15203
-3.04563
-2.93575
-2.82267
-2.70665
-2.58805
-2.46727
-2.34475
-2.22102
-2.09663
-1.97218
-1.84827
-1.72558
-1.60473
-1.4864
-1.37119
-1.25973
-1.15256
-1.05018
-0.953036
-0.861458
-0.775698
-0.695887
-0.62203
-0.553984
-0.491431
-0.433838
-0.380417
-0.330022
-0.281129
-0.23153
-0.179196
-0.119442
-0.0505196
-3.24409
-3.2425
-3.24356
-3.24128
-3.23701
-3.23277
-3.22865
-3.22406
-3.21877
-3.21287
-3.20634
-3.19921
-3.19129
-3.18261
-3.17301
-3.16244
-3.15078
-3.13804
-3.124
-3.1086
-3.09178
-3.07343
-3.05343
-3.03166
-3.00801
-2.98235
-2.95457
-2.92451
-2.89206
-2.85708
-2.81944
-2.779
-2.73565
-2.68928
-2.63976
-2.58702
-2.53098
-2.47157
-2.40878
-2.34259
-2.27306
-2.20021
-2.12418
-2.0451
-1.96316
-1.87859
-1.79171
-1.70282
-1.61232
-1.52065
-1.42828
-1.33573
-1.24353
-1.15223
-1.0624
-0.974605
-0.889376
-0.807226
-0.728624
-0.65398
-0.583632
-0.517833
-0.456735
-0.400368
-0.348622
-0.301213
-0.257643
-0.217125
-0.178474
-0.139964
-0.099053
-0.0524742
0.000968878
0.0412173
-4.46166
-4.45271
-4.43821
-4.42063
-4.40311
-4.38572
-4.36756
-4.34836
-4.32825
-4.30731
-4.2855
-4.26267
-4.23886
-4.21393
-4.18794
-4.16079
-4.1325
-4.10287
-4.07198
-4.03976
-4.0061
-3.97092
-3.93417
-3.89578
-3.85568
-3.81377
-3.76997
-3.72421
-3.6764
-3.62643
-3.57424
-3.51973
-3.46281
-3.40341
-3.34145
-3.27688
-3.20963
-3.13966
-3.06695
-2.99149
-2.91326
-2.83234
-2.74876
-2.66265
-2.57411
-2.48331
-2.39045
-2.29576
-2.19954
-2.10211
-2.00383
-1.9051
-1.80634
-1.708
-1.61054
-1.51444
-1.42015
-1.32812
-1.23879
-1.15254
-1.06971
-0.990558
-0.915285
-0.843984
-0.776623
-0.713023
-0.652782
-0.595235
-0.539185
-0.483015
-0.423173
-0.357513
-0.268775
-0.145382
-1.39492
-1.39462
-1.39864
-1.40069
-1.40087
-1.40097
-1.40143
-1.40181
-1.40188
-1.40164
-1.40124
-1.40063
-1.39978
-1.39866
-1.39712
-1.39509
-1.39255
-1.3896
-1.38594
-1.38156
-1.37651
-1.37071
-1.36412
-1.35664
-1.34821
-1.33877
-1.32825
-1.31655
-1.3036
-1.28932
-1.27362
-1.25643
-1.23766
-1.21724
-1.1951
-1.17118
-1.14542
-1.11777
-1.0882
-1.05667
-1.0232
-0.987787
-0.950473
-0.911301
-0.870313
-0.827642
-0.783421
-0.737782
-0.69093
-0.643107
-0.594565
-0.545581
-0.496464
-0.447535
-0.399135
-0.351606
-0.30529
-0.260518
-0.217603
-0.176824
-0.138424
-0.10259
-0.0694481
-0.0390427
-0.0113215
0.0138974
0.0369709
0.0585301
0.0796731
0.102451
0.130427
0.170562
0.215661
0.210431
-4.46809
-4.46273
-4.44609
-4.42877
-4.41395
-4.39932
-4.38337
-4.36634
-4.34869
-4.33046
-4.31143
-4.29157
-4.27086
-4.24928
-4.22687
-4.20358
-4.17941
-4.15419
-4.12806
-4.10094
-4.07278
-4.04352
-4.01316
-3.98164
-3.94895
-3.91503
-3.87984
-3.84334
-3.80549
-3.76624
-3.72556
-3.6834
-3.63972
-3.59447
-3.54762
-3.49913
-3.44895
-3.39706
-3.34342
-3.28799
-3.23077
-3.17172
-3.11083
-3.04813
-2.9836
-2.91731
-2.84928
-2.77958
-2.70831
-2.63556
-2.56147
-2.48619
-2.4099
-2.3328
-2.25512
-2.17708
-2.09895
-2.02099
-1.94347
-1.86664
-1.79078
-1.71611
-1.64285
-1.57118
-1.50119
-1.43295
-1.36634
-1.30117
-1.23654
-1.17191
-1.10003
-1.01901
-0.836654
-0.53434
1.17278
2.09032
2.88643
3.55486
4.11169
4.57908
4.9768
5.32075
5.6231
5.89283
6.13648
6.3587
6.56282
6.75113
6.92517
7.08585
7.23373
7.36914
7.49236
7.60382
7.70412
7.79385
7.87195
7.93794
7.99265
8.03715
8.07242
8.09954
8.1196
8.13376
8.14309
8.1486
8.15119
8.15169
8.15074
8.14899
8.14693
8.14496
8.14346
8.14249
8.14277
1.16534
2.06631
2.87128
3.57009
4.16788
4.6719
5.08877
5.42535
5.68856
5.88511
6.02142
6.10368
6.13794
6.13011
6.08607
6.01169
5.91278
5.7949
5.66326
5.52243
5.37622
5.22817
5.08231
4.94161
4.80805
4.68288
4.56683
4.46019
4.3629
4.2746
4.19475
4.12282
4.05805
3.99979
3.9473
3.90007
3.85734
3.81862
3.78341
3.75146
3.7219
1.15701
2.04971
2.84529
3.52486
4.09449
4.56339
4.94168
5.24128
5.47474
5.65434
5.79159
5.89697
5.97971
6.0476
6.10681
6.1619
6.21586
6.27026
6.32564
6.3818
6.43816
6.49371
6.54779
6.59901
6.64622
6.68874
6.72621
6.75851
6.7857
6.80797
6.82569
6.83919
6.84895
6.85533
6.85884
6.85976
6.85853
6.85542
6.85073
6.84455
6.83733
1.15274
2.0525
2.85446
3.53669
4.11272
4.59682
5.00205
5.34141
5.6266
5.86725
6.07083
6.24286
6.3872
6.50634
6.60192
6.67513
6.72714
6.75928
6.77319
6.7707
6.75377
6.72449
6.68648
6.64199
6.59292
6.54101
6.48776
6.43428
6.38138
6.32962
6.27937
6.23089
6.18427
6.13956
6.09668
6.05565
6.01629
5.97852
5.94225
5.90741
5.87396
1.15113
2.06996
2.89473
3.6012
4.2075
4.72762
5.17212
5.55096
5.87263
6.14407
6.37099
6.55852
6.71142
6.83429
6.93166
7.00787
7.06692
7.11232
7.14695
7.17303
7.19229
7.20568
7.21553
7.22233
7.22617
7.22725
7.22583
7.22206
7.21609
7.20806
7.19817
7.18657
7.17348
7.15902
7.14347
7.1269
7.10954
7.09147
7.07291
7.05375
7.03464
1.15074
2.09684
2.95128
3.68554
4.32062
4.86948
5.34114
5.74489
6.08939
6.38231
6.63064
6.84068
7.01815
7.16784
7.29373
7.39888
7.48567
7.55584
7.61082
7.65167
7.67951
7.69495
7.70099
7.69889
7.6896
7.67425
7.65403
7.62988
7.6026
7.57286
7.54119
7.50811
7.47396
7.43909
7.40372
7.36805
7.33226
7.29641
7.26071
7.22503
7.19015
1.15191
2.13226
3.02082
3.78406
4.44731
5.02431
5.52441
5.9576
6.33301
6.65834
6.94008
7.18369
7.39369
7.57376
7.72694
7.85587
7.96294
8.05033
8.12005
8.17392
8.21364
8.24016
8.25712
8.26601
8.2677
8.26327
8.25372
8.2399
8.22244
8.2019
8.17878
8.15346
8.12635
8.09772
8.06793
8.03711
8.00558
7.97342
7.94093
7.90787
7.87543
1.15558
2.17758
3.10652
3.90402
4.60084
5.21193
5.74683
6.21553
6.62667
6.98715
7.30262
7.57787
7.81711
8.02395
8.20162
8.35301
8.48066
8.58682
8.67337
8.74194
8.79398
8.83007
8.85405
8.86755
8.87151
8.8672
8.8559
8.83872
8.81653
8.79014
8.76022
8.72742
8.69221
8.65506
8.61635
8.57642
8.53554
8.49385
8.45178
8.40905
8.36711
1.16244
2.23386
3.21038
4.04844
4.78451
5.43438
6.00741
6.51349
6.96101
7.35656
7.7056
8.01291
8.28265
8.51843
8.7233
8.89994
9.05066
9.17749
9.28221
9.36637
9.43151
9.47806
9.51039
9.53044
9.53937
9.53864
9.52974
9.51393
9.49222
9.46551
9.4346
9.40014
9.36276
9.32295
9.28122
9.23786
9.19331
9.14772
9.10159
9.05456
9.0084
1.17316
2.30168
3.33264
4.21686
4.99672
5.68884
6.30267
6.84842
7.33459
7.76774
8.1532
8.49556
8.79873
9.066
9.30016
9.50366
9.67866
9.82714
9.95083
10.0513
10.13
10.1872
10.2276
10.2535
10.2662
10.2673
10.2586
10.2414
10.2171
10.1866
10.1509
10.111
10.0673
10.0208
9.97174
9.92075
9.86821
9.81438
9.75981
9.70417
9.64947
1.18851
2.38181
3.47396
4.40985
5.23822
5.97673
6.63519
7.22425
7.75262
8.2267
8.65162
9.03165
9.37052
9.67127
9.93649
10.1685
10.3694
10.541
10.6851
10.8029
10.8962
10.9646
11.0136
11.0456
11.0622
11.0653
11.0567
11.0383
11.0115
10.9774
10.9371
10.8918
10.8422
10.789
10.733
10.6746
10.6144
10.5527
10.4901
10.4262
10.3634
1.20955
2.47557
3.63603
4.6296
5.51181
6.30158
7.00905
7.64544
8.21956
8.73782
9.20509
9.62553
10.0026
10.3394
10.638
10.9009
11.1297
11.3264
11.4923
11.6289
11.7376
11.8179
11.8757
11.9137
11.9338
11.9382
11.9289
11.9081
11.8773
11.8381
11.7916
11.7391
11.6816
11.6199
11.5547
11.4869
11.4169
11.345
11.2721
11.1979
11.1247
1.23749
2.58468
3.82111
4.87883
5.82069
6.66687
7.428
8.1159
8.73968
9.30571
9.81879
10.2829
10.7015
11.0771
11.4121
11.7083
11.9674
12.1911
12.3806
12.5373
12.6626
12.7555
12.8222
12.8663
12.8895
12.8945
12.8838
12.8596
12.8238
12.7782
12.7242
12.6632
12.5963
12.5246
12.4491
12.3703
12.2891
12.2057
12.1212
12.0352
11.9504
1.27388
2.71124
4.03183
5.1606
6.16833
7.0765
7.89641
8.64054
9.31844
9.93646
10.4994
11.011
11.4746
11.8926
12.267
12.5994
12.8915
13.1444
13.3596
13.538
13.681
13.787
13.863
13.9128
13.9387
13.9434
13.93
13.9011
13.8587
13.805
13.7416
13.6701
13.5918
13.508
13.4197
13.3279
13.2332
13.1362
13.0379
12.9379
12.8394
1.32049
2.85778
4.27134
5.47868
6.55903
7.53543
8.41982
9.22557
9.96263
10.6375
11.2548
11.8183
12.331
12.7952
13.2126
13.5846
13.9125
14.1974
14.4402
14.642
14.8038
14.9236
15.0088
15.0639
15.0914
15.0947
15.0771
15.0416
14.9906
14.9266
14.8515
14.7672
14.6752
14.577
14.4737
14.3663
14.2558
14.1428
14.0284
13.9123
13.7977
1.37961
3.02742
4.5436
5.83772
6.9982
8.04974
9.00503
9.87844
10.6804
11.4175
12.0944
12.7147
13.2812
13.796
14.2605
14.6758
15.0428
15.3624
15.6354
15.8623
16.0439
16.178
16.2721
16.3316
16.3596
16.3598
16.3359
16.2916
16.2296
16.1526
16.0631
15.963
15.8543
15.7384
15.617
15.4911
15.3619
15.2299
15.0965
14.9614
14.8281
1.45392
3.22396
4.85341
6.24338
7.49237
8.62676
9.66021
10.6081
11.4815
12.2871
13.0296
13.7122
14.3379
14.9084
15.4246
15.8873
16.2971
16.6546
16.96
17.2137
17.4162
17.5645
17.6669
17.7296
17.7561
17.7507
17.7179
17.6616
17.5853
17.492
17.3844
17.265
17.136
16.999
16.8559
16.7079
16.5564
16.4019
16.2461
16.0888
15.9335
1.54687
3.45214
5.20661
6.70263
8.04944
9.27546
10.3952
11.4254
12.3777
13.259
14.0738
14.8254
15.5164
16.1482
16.7213
17.2362
17.6929
18.0915
18.4318
18.714
18.938
19.1002
19.2095
19.2731
19.2954
19.2813
19.2359
19.1637
19.0688
18.9547
18.8246
18.6814
18.5274
18.3648
18.1955
18.0211
17.843
17.6619
17.4797
17.2962
17.1152
1.66258
3.71768
5.61043
7.22387
8.67914
10.0066
11.2221
12.3435
13.3833
14.3485
15.2435
16.0715
16.8349
17.5346
18.1706
18.7428
19.2508
19.6939
20.0718
20.3836
20.6292
20.804
20.9179
20.9794
20.9935
20.9661
20.903
20.8096
20.6907
20.5502
20.392
20.2192
20.0347
19.841
19.6401
19.434
19.2242
19.0117
18.7983
18.5841
18.373
1.80636
4.02777
6.07369
7.81752
9.39332
10.8337
12.1557
13.3787
14.5159
15.5746
16.559
17.4721
18.316
19.091
19.7966
20.4319
20.9958
21.4871
21.9044
22.2467
22.5131
22.6981
22.8129
22.8672
22.8676
22.8206
22.7332
22.6117
22.4615
22.2875
22.0939
21.8845
21.6625
21.4308
21.1919
20.9478
20.7003
20.4505
20.2004
19.9502
19.7039
1.98466
4.39131
6.60737
8.49649
10.2067
11.7732
13.2142
14.5508
15.7971
16.9605
18.045
19.0533
19.9871
20.846
21.6287
22.3334
22.9582
23.5008
23.9593
24.3316
24.6163
24.8072
24.9169
24.9571
24.9356
24.8604
24.7397
24.5808
24.3901
24.1732
23.9353
23.6806
23.4127
23.135
22.8502
22.5607
22.2685
21.9747
21.6814
21.3892
21.1019
2.20593
4.81949
7.2253
9.27685
11.1378
12.8456
14.4204
15.8849
17.254
18.5353
19.7327
20.8479
21.8825
22.8351
23.7034
24.4842
25.1747
25.7714
26.2713
26.6715
26.9698
27.1595
27.255
27.2706
27.2161
27.1009
26.9347
26.7262
26.4831
26.2119
25.9184
25.6075
25.2835
24.9499
24.61
24.2663
23.9212
23.5756
23.2319
22.8908
22.5561
2.48062
5.32655
7.9448
10.179
12.2097
14.0771
15.8032
17.4125
18.9209
20.336
21.6609
22.8972
24.0453
25.1028
26.0657
26.9298
27.6902
28.3425
28.8821
29.305
29.6085
29.7854
29.8533
29.8294
29.726
29.5547
29.3271
29.0534
28.7426
28.4024
28.0395
27.6596
27.2671
26.8663
26.4606
26.0529
25.6456
25.2397
24.8376
24.4403
24.0514
2.82251
5.93081
8.78818
11.2291
13.4521
15.5012
17.3995
19.1742
20.8416
22.4095
23.88
25.2539
26.5303
27.7052
28.7728
29.7267
30.5602
31.2669
31.8407
32.2767
32.5711
32.7175
32.7376
32.6529
32.4789
32.2299
31.9195
31.5604
31.1627
30.7357
30.2866
29.822
29.3469
28.8657
28.3821
27.8994
27.4199
26.9445
26.4755
26.0141
25.5638
3.24939
6.65591
9.78445
12.4607
14.904
17.161
19.2576
21.2225
23.0734
24.8172
26.4552
27.9862
29.4082
30.7145
31.8968
32.9459
33.8527
34.6082
35.205
35.6366
35.8989
35.9876
35.9308
35.7553
35.4809
35.1253
34.7052
34.235
33.7271
33.1915
32.6368
32.0701
31.4965
30.9207
30.3465
29.7773
29.2155
28.6614
28.1173
27.5846
27.0662
3.7849
7.53334
10.9718
13.9188
16.6163
19.1144
21.4411
23.6275
25.692
27.6405
29.4724
31.1842
32.7714
34.2241
35.5301
36.6766
37.6512
38.4423
39.0403
39.4381
39.6321
39.6224
39.4467
39.1388
38.7244
38.2251
37.6607
37.0483
36.4019
35.7331
35.0506
34.3623
33.6733
32.988
32.3103
31.6433
30.9892
30.3478
29.7209
29.11
28.5176
4.46066
8.60529
12.4015
15.6635
18.6582
21.4389
24.0364
26.4841
28.8003
30.9895
33.0478
34.9683
36.7428
38.3564
39.7917
41.031
42.0577
42.8571
43.4183
43.7344
43.8039
43.636
43.2824
42.7863
42.1801
41.4902
40.7401
39.9492
39.1332
38.304
37.4712
36.6422
35.8217
35.0136
34.2213
33.4475
32.6937
31.9588
31.2441
30.5511
29.8813
5.32008
9.92974
14.1443
17.7778
21.1249
24.2422
27.1633
29.9235
32.5406
35.0161
37.3408
39.5026
41.4873
43.2727
44.8342
46.1476
47.1915
47.9486
48.4081
48.5659
48.426
48.0141
47.4025
46.6452
45.7827
44.8465
43.8631
42.8539
41.8353
40.819
39.8142
38.8273
37.8617
36.9202
36.0051
35.1184
34.2605
33.4288
32.6239
31.8469
31.0985
6.42366
11.5882
16.2999
20.3794
24.1523
27.6782
30.9933
34.1342
37.1167
39.9365
42.5765
45.0157
47.2305
49.188
50.8537
52.1954
53.1873
53.812
54.0625
53.9433
53.4703
52.6963
51.7226
50.6148
49.4214
48.1779
46.9126
45.6472
44.3971
43.1727
41.9808
40.8259
39.7093
38.6314
37.5931
36.5947
35.6353
34.7104
33.8195
32.9631
32.141
7.85715
13.6981
19.0139
23.64
27.9397
31.973
35.7783
39.3923
42.8258
46.0641
49.0764
51.8271
54.2779
56.3806
58.0878
59.3599
60.17
60.5071
60.3776
59.8044
58.8255
57.536
56.0746
54.5161
52.9138
51.3042
49.7143
48.1632
46.6623
45.2185
43.8346
42.5113
41.2465
40.0375
38.8829
37.7809
36.7286
35.7193
34.7511
33.8236
32.9357
9.75051
16.4327
22.505
27.8238
32.7949
37.4766
41.909
46.1255
50.1249
53.8741
57.318
60.3972
63.0505
65.2091
66.813
67.8207
68.2163
68.0107
67.241
65.9658
64.2586
62.2744
60.1937
58.0909
56.0167
54.002
52.0674
50.2241
48.4765
46.8242
45.2639
43.791
42.3986
41.0801
39.8309
38.6467
37.5224
36.4489
35.4226
34.4421
33.5049
12.2718
20.025
27.073
33.2938
39.1437
44.6748
49.9262
54.9192
59.628
63.9839
67.8901
71.2488
73.9673
75.9561
77.1535
77.5375
77.1313
75.9986
74.2346
71.9546
69.2796
66.436
63.6376
60.9384
58.3723
55.9555
53.6942
51.5867
49.6256
47.8004
46.0998
44.5127
43.0267
41.6309
40.3174
39.0795
37.9098
36.797
35.7358
34.7239
33.7575
15.5673
24.6393
32.9225
40.2924
47.2744
53.8978
60.1921
66.1485
71.6897
76.682
80.9613
84.378
86.8099
88.1693
88.4323
87.647
85.9262
83.4278
80.332
76.8198
73.0547
69.322
65.8375
62.6064
59.6301
56.9004
54.4038
52.1207
50.0296
48.1087
46.3381
44.7002
43.1776
41.7558
40.4244
39.1748
37.9978
36.8809
35.8173
34.8037
33.8348
19.6336
30.2823
40.0535
48.8262
57.1974
65.1534
72.6955
79.7478
86.1371
91.624
95.955
98.9374
100.46
100.505
99.1648
96.6317
93.1591
89.0219
84.4798
79.7546
75.0153
70.5622
66.5716
62.9796
59.7475
56.8421
54.2298
51.8745
49.7409
47.7978
46.0189
44.3818
42.8661
41.4551
40.1375
38.904
37.7456
36.6489
35.6069
34.6152
33.6679
24.4916
37.0593
48.6625
59.1766
69.2633
78.8403
87.833
96.0303
103.097
108.649
112.36
114.066
113.781
111.68
108.078
103.368
97.9547
92.1987
86.385
80.7142
75.3072
70.4265
66.1788
62.4315
59.1129
56.1731
53.5635
51.2338
49.1381
47.2386
45.5051
43.9125
42.4387
41.067
39.7864
38.5888
37.4659
36.4054
35.401
34.4478
33.538
30.1679
45.0879
58.9792
71.679
83.8859
95.4011
105.968
115.136
122.341
127.072
129.048
128.328
125.233
120.272
114.037
107.101
99.9438
92.9184
86.2463
80.0399
74.3285
69.3032
65.0007
61.2427
57.9455
55.055
52.5131
50.2581
48.2368
46.4081
44.7399
43.2064
41.7853
40.4605
39.2229
38.0662
36.9846
35.9683
35.0122
34.1121
33.2597
36.698
54.5426
71.3189
86.7843
101.579
115.28
127.288
136.789
142.997
145.457
144.242
139.917
133.288
125.231
116.532
107.806
99.4665
91.7446
84.7272
78.4058
72.7123
67.7685
63.5577
59.8904
56.6943
53.9199
51.4996
49.3598
47.4426
45.7062
44.118
42.652
41.2867
40.0083
38.8099
37.6885
36.6415
35.6631
34.7521
33.9067
33.1175
44.0747
65.6019
86.0411
105.001
122.847
138.717
151.478
159.908
163.258
161.6
155.811
147.185
136.987
126.275
115.805
106.039
97.1969
89.3277
82.3735
76.2204
70.7274
65.9581
61.8774
58.3182
55.2401
52.5992
50.3119
48.2927
46.4822
44.84
43.3331
41.9354
40.6269
39.3953
38.2364
37.15
36.138
35.1995
34.3378
33.557
32.8486
52.2266
78.4596
103.572
126.853
148.012
165.41
177.293
182.324
180.502
173.112
162.147
149.5
136.552
124.201
112.93
102.925
94.1771
86.5738
79.9527
74.1354
68.9394
64.3976
60.4648
57.0273
54.0896
51.6026
49.4569
47.5572
45.8478
44.2904
42.852
41.5072
40.238
39.035
37.896
36.8247
35.8266
34.907
34.0758
33.3477
32.7168
61.0055
93.3546
124.478
152.855
176.929
194.052
202.216
200.931
191.994
178.353
162.852
147.4
132.992
120.089
108.812
99.0896
90.7487
83.5819
77.3794
71.9345
67.0424
62.6939
58.8704
55.5361
52.7429
50.4163
48.4133
46.6347
45.0312
43.5653
42.2025
40.9187
39.698
38.5319
37.4203
36.3699
35.3899
34.4926
33.6913
33.021
32.4716
70.1441
110.599
149.39
183.124
208.371
221.894
222.723
212.75
196.283
177.534
159.27
142.69
128.102
115.511
104.765
95.6334
87.8618
81.208
75.4489
70.3685
65.7497
61.5668
57.8112
54.5588
51.9001
49.7118
47.8185
46.1266
44.5962
43.189
41.8705
40.6188
39.4189
38.2644
37.1564
36.1046
35.1202
34.222
33.4252
32.7942
32.3042
79.1921
130.645
178.848
216.785
239.499
244.952
235.362
216.192
193.745
172.134
153.014
136.548
122.472
110.529
100.448
91.9393
84.7288
78.5703
73.2431
68.526
64.1864
60.1398
56.442
53.2965
50.8079
48.7814
47.0168
45.432
43.9952
42.6645
41.4069
40.2028
39.0387
37.9092
36.816
35.7722
34.7902
33.8958
33.0994
32.5078
32.0457
87.4628
154.279
212.869
251.342
266.094
259.526
238.768
212.506
187.129
165.149
146.687
131.122
117.942
106.821
97.4566
89.5497
82.8322
77.072
72.0632
67.5876
63.4036
59.4013
55.6727
52.5788
50.2061
48.2776
46.5835
45.0571
43.6723
42.3808
41.1527
39.9697
38.8182
37.6941
36.5987
35.5487
34.5553
33.6511
32.8367
32.2688
31.784
94.278
182.459
249.789
282.313
283.693
263.653
233.771
203.802
178.105
157.021
139.597
124.971
112.648
102.316
93.6625
86.3848
80.2173
74.9337
70.3345
66.1959
62.259
58.3437
54.642
51.6739
49.4688
47.6685
46.0692
44.621
43.3038
42.0627
40.8748
39.7217
38.5906
37.4787
36.3864
35.3349
34.3333
33.4208
32.5843
32.0324
31.4549
98.6297
216.031
285.957
305.142
290.619
259.268
224.831
194.97
170.982
151.547
135.35
121.634
110.021
100.239
92.0011
85.0355
79.1059
74.0096
69.5648
65.5459
61.6762
57.7196
53.9489
51.0483
48.9531
47.2313
45.6926
44.2961
43.0248
41.8154
40.6543
39.5203
38.4015
37.2962
36.2027
35.1477
34.1358
33.2138
32.3534
31.8067
31.0551
102.028
253.689
315.75
316.266
287.022
248.066
212.283
183.82
161.586
143.579
128.58
115.979
105.397
96.5271
89.0626
82.7378
77.3285
72.6491
68.5363
64.7686
61.0598
57.1152
53.3232
50.5249
48.5385
46.8849
45.401
44.0513
42.8209
41.6375
40.4994
39.3801
38.2701
37.1683
36.0715
35.0111
33.988
33.0544
32.1727
31.6274
30.6339
97.3847
290.91
335.622
317.386
278.979
239.006
205.669
179.619
158.824
141.513
126.847
114.419
103.961
95.2017
87.851
81.6487
76.368
71.82
67.8389
64.1869
60.5501
56.5722
52.7553
50.0699
48.1887
46.5936
45.1545
43.8417
42.6443
41.4812
40.3628
39.2562
38.1552
37.058
35.9608
34.8991
33.8699
32.9299
32.0344
31.5085
30.3723
103.63
322.747
342.476
308.506
261.711
221.455
190.793
167.396
148.718
133.216
120.202
109.232
99.9551
92.1162
85.4735
79.8149
74.9517
70.7262
66.9988
63.5387
60.0215
56.0279
52.1787
49.5799
47.798
46.2706
44.8839
43.6124
42.4508
41.3105
40.2127
39.1198
38.0282
36.9361
35.8384
34.7745
33.7385
32.7903
31.8824
31.3435
30.4594
8.14194
8.13232
8.10579
8.07738
8.05257
8.02837
8.00251
7.97523
7.94723
7.9186
7.88917
7.85885
7.82766
7.79564
7.76271
7.72892
7.69424
7.65873
7.62229
7.58501
7.54689
7.50786
7.46792
7.42705
7.38525
7.34248
7.29872
7.25393
7.20808
7.16112
7.11299
7.06364
7.01299
6.96096
6.90745
6.85238
6.79561
6.73704
6.67651
6.61391
6.54905
6.4818
6.41196
6.33938
6.26387
6.18525
6.10335
6.018
5.92901
5.83622
5.7395
5.6387
5.53371
5.42442
5.31075
5.19262
5.06997
4.94272
4.81081
4.67414
4.53256
4.38588
4.23377
4.07574
3.91107
3.73862
3.55667
3.36256
3.15138
2.91618
2.63624
2.28749
1.71558
0.856198
3.70184
3.69642
3.69897
3.70088
3.70018
3.6988
3.69774
3.69671
3.69531
3.69352
3.69139
3.68896
3.68612
3.68291
3.6793
3.67522
3.67063
3.66545
3.65976
3.65328
3.64602
3.63803
3.62923
3.61958
3.60901
3.59749
3.58494
3.57134
3.55659
3.54067
3.52348
3.50498
3.48509
3.46375
3.44089
3.41644
3.39033
3.36249
3.33286
3.30137
3.26797
3.23259
3.19519
3.15572
3.11417
3.07049
3.02472
2.97682
2.92681
2.87472
2.8206
2.76452
2.70653
2.64672
2.58515
2.52191
2.45703
2.39055
2.32244
2.25262
2.18089
2.10696
2.03033
1.95029
1.86578
1.77526
1.67641
1.56589
1.43776
1.28442
1.08527
0.829799
0.435607
0.118035
6.82906
6.82584
6.81734
6.80641
6.7957
6.78506
6.77361
6.76117
6.74785
6.7337
6.71862
6.70251
6.68532
6.6669
6.64728
6.62633
6.60405
6.58027
6.55495
6.52801
6.49934
6.46883
6.43638
6.40188
6.36522
6.3263
6.28498
6.24117
6.19473
6.14554
6.09348
6.03841
5.98022
5.91878
5.85396
5.78566
5.71374
5.63811
5.55865
5.47528
5.38792
5.29651
5.20099
5.10136
4.99762
4.88978
4.77792
4.66211
4.54246
4.41912
4.29229
4.16216
4.02897
3.893
3.75452
3.61382
3.47116
3.32681
3.18099
3.03385
2.88543
2.73568
2.58433
2.43087
2.27446
2.11376
1.94669
1.77025
1.57934
1.36788
1.12198
0.838635
0.478338
0.149043
5.85029
5.844
5.83969
5.83297
5.82471
5.81636
5.80801
5.79924
5.7899
5.78004
5.76967
5.75875
5.74721
5.73506
5.72219
5.70858
5.69414
5.67884
5.66259
5.64531
5.62691
5.60732
5.58645
5.56421
5.54047
5.51514
5.48808
5.45918
5.42829
5.39528
5.36
5.32231
5.28204
5.23904
5.19316
5.14424
5.09212
5.03666
4.97771
4.91515
4.84885
4.77873
4.7047
4.6267
4.54473
4.45876
4.36886
4.27507
4.17751
4.07629
3.97158
3.86357
3.75246
3.63849
3.52189
3.40288
3.28166
3.15841
3.03322
2.90611
2.77698
2.6456
2.5115
2.37398
2.23196
2.08393
1.92765
1.76008
1.5765
1.37159
1.13408
0.861541
0.515148
0.179408
7.01835
7.01456
7.00963
7.002
6.9934
6.9847
6.97553
6.96554
6.95465
6.9429
6.93023
6.91655
6.90176
6.88574
6.86848
6.84982
6.82973
6.80802
6.78463
6.7594
6.73222
6.70292
6.67138
6.63745
6.60095
6.56173
6.51963
6.47446
6.42606
6.37424
6.31882
6.25963
6.19648
6.1292
6.05764
5.98163
5.90103
5.81573
5.72562
5.63062
5.5307
5.42584
5.31606
5.20145
5.0821
4.95817
4.82986
4.69743
4.56115
4.42135
4.27842
4.13276
3.98477
3.83492
3.68363
3.53131
3.37836
3.22509
3.07174
2.91846
2.76523
2.61186
2.45795
2.30279
2.14532
1.98401
1.81669
1.64044
1.4509
1.24344
1.00811
0.744484
0.418544
0.133236
7.16343
7.15712
7.1518
7.14316
7.13281
7.12236
7.11169
7.10028
7.08797
7.07482
7.0608
7.04585
7.02986
7.01278
6.99448
6.97491
6.95389
6.93142
6.90729
6.88142
6.85367
6.8239
6.79194
6.75764
6.72083
6.68134
6.63898
6.59356
6.54489
6.49276
6.43697
6.37731
6.31357
6.24556
6.17307
6.09592
6.01395
5.92701
5.83498
5.73776
5.63529
5.52755
5.41456
5.29638
5.17314
5.04498
4.91216
4.7749
4.63354
4.48843
4.33996
4.18858
4.03472
3.87885
3.72142
3.56286
3.40356
3.24385
3.08397
2.92404
2.76407
2.60386
2.44301
2.28085
2.11636
1.94813
1.77412
1.59174
1.39715
1.18652
0.951473
0.693761
0.384516
0.121901
7.84897
7.84302
7.83751
7.82834
7.81737
7.8062
7.79463
7.78209
7.76842
7.75365
7.73775
7.72059
7.70207
7.68202
7.66041
7.63705
7.61189
7.58469
7.55535
7.5237
7.48954
7.45271
7.41301
7.37025
7.32422
7.27471
7.22151
7.1644
7.10315
7.03754
6.96736
6.89239
6.81241
6.72725
6.63672
6.54068
6.43899
6.33157
6.21836
6.09935
5.97457
5.8441
5.7081
5.56675
5.4203
5.26908
5.11343
4.95378
4.7906
4.62438
4.45566
4.28499
4.11294
3.94005
3.76684
3.5938
3.42133
3.24977
3.07933
2.91012
2.74205
2.57488
2.40812
2.24102
2.07252
1.90114
1.72491
1.54135
1.34692
1.13835
0.908241
0.659511
0.364866
0.118155
8.33358
8.32573
8.3191
8.30814
8.29489
8.28139
8.26747
8.25248
8.23618
8.21862
8.19977
8.17951
8.15768
8.13421
8.10888
8.08162
8.0522
8.02056
7.98642
7.94968
7.91011
7.86752
7.82169
7.77239
7.7194
7.66249
7.60142
7.53593
7.46581
7.39079
7.31066
7.22519
7.13418
7.03742
6.93477
6.82608
6.71126
6.59024
6.46302
6.32963
6.19016
6.04476
5.89365
5.7371
5.57546
5.4091
5.23851
5.06418
4.88666
4.70656
4.52446
4.341
4.15679
3.97242
3.78846
3.6054
3.42366
3.24358
3.06536
2.8891
2.7147
2.54189
2.37019
2.19884
2.0268
1.85265
1.67451
1.49008
1.29614
1.08989
0.864586
0.624065
0.341439
0.11146
8.97089
8.96182
8.95407
8.94141
8.92608
8.91038
8.89411
8.87651
8.85731
8.83657
8.81424
8.79014
8.76412
8.73598
8.70562
8.67283
8.63748
8.59932
8.55817
8.51381
8.46601
8.41453
8.35913
8.29955
8.23554
8.16683
8.09318
8.01432
7.93
7.83999
7.74407
7.64202
7.53367
7.41887
7.29751
7.16951
7.03486
6.89358
6.74576
6.59153
6.43113
6.26482
6.09295
5.91595
5.73426
5.54844
5.35905
5.16675
4.97217
4.776
4.57892
4.3816
4.1847
3.98881
3.7945
3.60221
3.41235
3.22517
3.04083
2.85932
2.68049
2.50399
2.32928
2.15556
1.98176
1.80647
1.62789
1.44386
1.25137
1.04806
0.827594
0.594701
0.322314
0.107199
9.60516
9.59374
9.58407
9.56873
9.55022
9.53117
9.51142
9.49007
9.46681
9.44168
9.41463
9.38546
9.35399
9.32002
9.28335
9.24381
9.20115
9.15521
9.10566
9.05235
8.995
8.93332
8.86705
8.79591
8.71963
8.63792
8.55052
8.45717
8.35762
8.25165
8.13905
8.01964
7.89329
7.75991
7.61944
7.47189
7.31732
7.15586
6.9877
6.81311
6.63242
6.44604
6.25444
6.05817
5.85782
5.65405
5.44755
5.23904
5.02926
4.81896
4.60887
4.39969
4.19207
3.98661
3.78383
3.58416
3.38792
3.19533
3.00646
2.82125
2.63947
2.46071
2.28437
2.10962
1.93536
1.7602
1.58239
1.39989
1.20988
1.01029
0.795093
0.569805
0.306538
0.104861
10.3123
10.2982
10.2861
10.2675
10.2452
10.2221
10.1981
10.1721
10.1438
10.1132
10.0803
10.0448
10.0065
9.96509
9.92048
9.87238
9.82055
9.7647
9.70459
9.63991
9.5704
9.49575
9.41569
9.3299
9.23812
9.14005
9.03543
8.92402
8.80558
8.67993
8.54692
8.40641
8.25837
8.10276
7.93965
7.76914
7.59145
7.4068
7.21556
7.01813
6.815
6.60672
6.39392
6.17729
5.95755
5.73546
5.51181
5.2874
5.06304
4.8395
4.61752
4.39778
4.1809
3.96744
3.75784
3.55247
3.35155
3.1552
2.96341
2.77603
2.59274
2.41306
2.23634
2.0617
1.88802
1.71394
1.53774
1.3575
1.17054
0.97509
0.765258
0.547335
0.292274
0.10303
11.0653
11.0475
11.032
11.0091
10.9818
10.9535
10.924
10.892
10.8573
10.8197
10.7793
10.7357
10.6888
10.6381
10.5835
10.5247
10.4614
10.3934
10.3203
10.2417
10.1576
10.0673
9.97082
9.86768
9.75763
9.64041
9.51577
9.3835
9.24343
9.0954
8.93937
8.77527
8.60316
8.42314
8.23539
8.04017
7.83781
7.62872
7.41341
7.19245
6.96649
6.73622
6.50243
6.26592
6.02753
5.78811
5.54852
5.30961
5.0722
4.83708
4.60493
4.37642
4.1521
3.93244
3.7178
3.50843
3.30448
3.10596
2.91275
2.7246
2.54112
2.36176
2.18578
2.01228
1.84012
1.66795
1.49408
1.31671
1.13326
0.94222
0.737773
0.526932
0.279421
0.101497
11.8815
11.859
11.8391
11.8107
11.7772
11.7422
11.7057
11.6662
11.6233
11.577
11.5272
11.4736
11.4158
11.3535
11.2866
11.2146
11.1373
11.0542
10.9652
10.8698
10.7677
10.6586
10.5422
10.4182
10.2864
10.1464
9.9982
9.84153
9.67631
9.50251
9.32015
9.12932
8.9302
8.72304
8.50819
8.28606
8.05718
7.82212
7.58158
7.33627
7.08703
6.83469
6.58015
6.32434
6.06817
5.81255
5.55837
5.3065
5.05773
4.8128
4.57235
4.33694
4.10704
3.88301
3.6651
3.45344
3.24806
3.04885
2.85561
2.66798
2.48548
2.30749
2.13323
1.96174
1.79187
1.62228
1.45135
1.27732
1.09774
0.911316
0.712261
0.50826
0.267827
0.100183
12.7593
12.7308
12.705
12.6696
12.6282
12.5849
12.5395
12.4906
12.4374
12.3802
12.3186
12.2524
12.1812
12.1046
12.0224
11.9341
11.8395
11.7382
11.6297
11.5139
11.3904
11.2588
11.1189
10.9704
10.8131
10.6468
10.4714
10.2869
10.0932
9.8904
9.67875
9.45845
9.22987
8.99343
8.74965
8.49916
8.24265
7.9809
7.71477
7.44515
7.173
6.89928
6.62501
6.35117
6.07873
5.80861
5.5417
5.27881
5.02069
4.76799
4.52125
4.28094
4.04737
3.8208
3.60134
3.389
3.18369
2.98518
2.79316
2.60719
2.4267
2.251
2.07926
1.91049
1.74355
1.5771
1.40954
1.23921
1.06376
0.882067
0.688366
0.490965
0.257203
0.098986
13.7045
13.6685
13.635
13.5907
13.5394
13.4856
13.4291
13.3682
13.3022
13.2312
13.1551
13.0733
12.9854
12.8912
12.7903
12.6822
12.5666
12.4432
12.3116
12.1714
12.0223
11.8642
11.6966
11.5195
11.3327
11.1361
10.9297
10.7137
10.4881
10.2532
10.0093
9.75702
9.49676
9.2292
8.95508
8.6752
8.39047
8.10184
7.81033
7.51697
7.22285
6.92902
6.63653
6.34642
6.05964
5.77709
5.4996
5.22789
4.96262
4.70432
4.45341
4.21019
3.97486
3.74753
3.52817
3.31666
3.11279
2.91623
2.72655
2.54322
2.36561
2.19298
2.02444
1.85899
1.69547
1.53256
1.36872
1.20236
1.03118
0.854287
0.665862
0.474824
0.247352
0.0978923
14.7195
14.6736
14.6303
14.5748
14.511
14.444
14.3735
14.2977
14.2158
14.1278
14.0336
13.9326
13.8244
13.7086
13.5849
13.4529
13.3121
13.1622
13.0029
12.8339
12.6549
12.4657
12.2661
12.0561
11.8357
11.6048
11.3637
11.1127
10.852
10.5822
10.3037
10.0173
9.72382
9.42399
9.11881
8.80929
8.49652
8.1816
7.86569
7.54993
7.23547
6.9234
6.61481
6.31068
6.01192
5.71935
5.43369
5.15556
4.88547
4.6238
4.37081
4.12666
3.8914
3.66498
3.44725
3.23796
3.03676
2.84323
2.65684
2.47701
2.30301
2.13407
1.96928
1.8076
1.64789
1.48885
1.32897
1.16674
0.999947
0.827848
0.644594
0.459687
0.238155
0.0969142
15.8068
15.7485
15.6926
15.6228
15.5435
15.4601
15.3721
15.2778
15.1762
15.0672
14.9508
14.8263
14.6934
14.5515
14.4004
14.2396
14.0687
13.8875
13.6957
13.4929
13.2791
13.0542
12.818
12.5708
12.3125
12.0436
11.7642
11.475
11.1765
10.8694
10.5545
10.2327
9.90502
9.57252
9.23638
8.89777
8.55793
8.21809
7.8795
7.54335
7.21081
6.88296
6.56082
6.24531
5.93724
5.6373
5.34607
5.064
4.79143
4.52859
4.27558
4.03238
3.79891
3.57495
3.36022
3.15435
2.9569
2.76733
2.58505
2.4094
2.23961
2.07487
1.91424
1.75669
1.60107
1.44611
1.29036
1.13237
0.969987
0.802648
0.624437
0.445437
0.229514
0.0960506
16.967
16.893
16.821
16.7333
16.6347
16.5308
16.4213
16.3041
16.1782
16.0436
15.9001
15.7472
15.5844
15.4112
15.2274
15.0325
14.8263
14.6084
14.3788
14.1373
13.8837
13.6182
13.341
13.0522
12.7523
12.4417
12.1211
11.7911
11.4527
11.1068
10.7544
10.3966
10.0348
9.67021
9.30411
8.93786
8.57279
8.21022
7.8514
7.49754
7.14974
6.80903
6.4763
6.15237
5.83787
5.53333
5.23916
4.95563
4.68291
4.42103
4.16992
3.92942
3.69927
3.47914
3.26862
3.06723
2.87442
2.68959
2.51208
2.34116
2.17605
2.01588
1.85972
1.70655
1.55521
1.40449
1.25295
1.09925
0.941268
0.778618
0.605303
0.431988
0.22136
0.0952904
18.1996
18.1058
18.0134
17.9035
17.7809
17.6519
17.5158
17.3706
17.2151
17.0495
16.8734
16.6864
16.488
16.2777
16.0554
15.8206
15.5733
15.3132
15.0402
14.7545
14.4563
14.1456
13.823
13.4888
13.1438
12.7888
12.4245
12.052
11.6724
11.287
10.8971
10.5039
10.109
9.71383
9.31974
8.92819
8.54057
8.15818
7.78224
7.41388
7.05411
6.7038
6.36372
6.03446
5.7165
5.41017
5.11567
4.83309
4.56238
4.30343
4.05599
3.81974
3.59429
3.37919
3.1739
2.97785
2.79043
2.61095
2.43872
2.27295
2.11286
1.95754
1.80608
1.65744
1.51051
1.36408
1.2168
1.06738
0.913759
0.755702
0.587119
0.419271
0.213642
0.094622
19.5006
19.3822
19.2641
19.1266
18.9748
18.8148
18.6464
18.4672
18.2761
18.0732
17.8583
17.6308
17.3904
17.1368
16.8697
16.589
16.2947
15.9866
15.6651
15.3303
14.9826
14.6226
14.2508
13.8682
13.4755
13.074
12.6647
12.249
11.8282
11.4038
10.9774
10.5505
10.1247
9.70144
9.28229
8.86867
8.46192
8.06329
7.67388
7.29469
6.92654
6.57014
6.22604
5.89462
5.57615
5.27075
4.9784
4.699
4.43233
4.17809
3.93587
3.70523
3.48564
3.27655
3.07733
2.88733
2.70588
2.53224
2.36566
2.20536
2.0505
1.90023
1.75358
1.60957
1.4671
1.325
1.18197
1.03679
0.887441
0.733858
0.569834
0.407235
0.206322
0.0940343
20.8636
20.7147
20.5648
20.3935
20.2061
20.0088
19.8015
19.5815
19.348
19.101
18.8404
18.5657
18.2767
17.9732
17.655
17.3222
16.975
16.6136
16.2383
15.8498
15.4487
15.0358
14.6121
14.1787
13.7369
13.2881
12.8336
12.3752
11.9143
11.4528
10.9922
10.5343
10.0807
9.63292
9.19249
8.76074
8.33891
7.9281
7.52925
7.14314
6.77038
6.41145
6.06666
5.73617
5.42002
5.11808
4.83018
4.556
4.29514
4.04715
3.81149
3.58759
3.37483
3.17255
2.98006
2.79666
2.6216
2.45413
2.29347
2.13883
1.98938
1.84423
1.70247
1.56311
1.4251
1.28731
1.14848
1.00746
0.86229
0.713047
0.553399
0.395837
0.199367
0.0935196
22.2769
22.0906
21.9016
21.6895
21.4593
21.2175
20.9638
20.6957
20.4125
20.1141
19.8006
19.4717
19.1272
18.7671
18.3916
18.0009
17.5955
17.1758
16.7426
16.2967
15.8392
15.3712
14.894
14.409
13.9179
13.4223
12.924
12.4248
11.9264
11.4307
10.9396
10.4546
9.97738
9.50951
9.05231
8.607
8.17462
7.75605
7.352
6.963
6.58942
6.23146
5.88919
5.56254
5.2513
4.95518
4.67375
4.40654
4.15303
3.9126
3.68461
3.46837
3.26319
3.06834
2.88308
2.70665
2.5383
2.37722
2.22265
2.07378
1.92978
1.78979
1.65292
1.5182
1.38461
1.25106
1.11635
0.979406
0.838287
0.693236
0.537776
0.385039
0.192752
0.0930707
23.7247
23.4934
23.2573
22.9964
22.7157
22.4215
22.1136
21.7897
21.4491
21.0919
20.7183
20.3283
19.9218
19.4992
19.0608
18.6072
18.139
17.6572
17.1628
16.6571
16.1414
15.6173
15.0864
14.5505
14.0114
13.4712
12.9317
12.395
11.8629
11.3374
10.8202
10.313
9.81721
9.33429
8.86536
8.4114
7.97323
7.55143
7.14645
6.75853
6.38775
6.03409
5.69732
5.37715
5.07317
4.78486
4.51167
4.25295
4.00804
3.77623
3.55677
3.34891
3.15188
2.96492
2.78722
2.61803
2.45654
2.30198
2.15356
2.01049
1.87195
1.73711
1.60508
1.47493
1.34568
1.21628
1.08559
0.952605
0.815405
0.674393
0.52293
0.374809
0.186453
0.0926825
25.1827
24.8979
24.606
24.2879
23.9485
23.5939
23.2239
22.8365
22.431
22.008
21.5677
21.1103
20.6362
20.1458
19.64
19.1194
18.5854
18.0391
17.482
16.9156
16.3418
15.7624
15.1795
14.595
14.0111
13.43
12.8537
12.2842
11.7237
11.1738
10.6362
10.1124
9.60376
9.11136
8.63609
8.17864
7.73951
7.319
6.91723
6.53415
6.1696
5.82323
5.49464
5.18328
4.88855
4.60981
4.34628
4.09726
3.86197
3.63959
3.42932
3.23035
3.04187
2.86308
2.69316
2.53134
2.37681
2.2288
2.08653
1.94922
1.81609
1.68631
1.55904
1.43336
1.30835
1.183
1.05621
0.927049
0.793622
0.656486
0.508828
0.365118
0.180452
0.0923483
26.624
26.2771
25.9206
25.5371
25.1311
24.7085
24.2689
23.811
23.3341
22.8391
22.3265
21.7967
21.2503
20.6884
20.1119
19.5221
18.9206
18.309
17.6891
17.063
16.4328
15.8006
15.1688
14.5397
13.9156
13.2986
12.6911
12.0949
11.5119
10.9438
10.3921
9.85795
9.34241
8.84627
8.37008
7.91421
7.47881
7.06385
6.66916
6.29438
5.93907
5.60268
5.28455
4.98397
4.70018
4.43235
4.17968
3.9413
3.71637
3.50402
3.30339
3.11366
2.93397
2.7635
2.60146
2.44704
2.29946
2.15795
2.02176
1.89014
1.76232
1.6375
1.51486
1.39355
1.27264
1.1512
1.02818
0.902709
0.772904
0.639481
0.495437
0.355938
0.174731
0.0920618
28.0078
27.5906
27.1613
26.7048
26.2253
25.7279
25.2126
24.6784
24.125
23.5534
22.9644
22.3589
21.7378
21.1024
20.4543
19.795
19.1266
18.4511
17.7707
17.0879
16.4051
15.7248
15.0495
14.3816
13.7236
13.0776
12.4457
11.8298
11.2316
10.6524
10.0933
9.55536
9.03911
8.545
8.07325
7.62383
7.19656
6.7911
6.40694
6.04351
5.7001
5.37592
5.07017
4.78198
4.51043
4.25464
4.01366
3.7866
3.57256
3.37063
3.17993
2.99961
2.82881
2.66672
2.51253
2.36547
2.22477
2.08967
1.95944
1.83337
1.71072
1.59073
1.47259
1.35549
1.23855
1.12088
1.00149
0.879563
0.753225
0.623347
0.482727
0.347241
0.169277
0.0918145
29.2996
28.8056
28.2969
27.7617
27.2036
26.6268
26.0317
25.4174
24.7844
24.1336
23.4663
22.7836
22.0869
21.3781
20.6588
19.9314
19.1982
18.4617
17.7245
16.9895
16.2593
15.5368
14.8244
14.1247
13.4401
12.7725
12.124
11.496
10.8899
10.3067
9.74718
9.21181
8.70084
8.21426
7.7519
7.3134
6.89822
6.50571
6.13512
5.7856
5.45625
5.14614
4.85429
4.57971
4.32141
4.07841
3.84975
3.63446
3.43161
3.24031
3.05966
2.8888
2.72689
2.57312
2.42671
2.28689
2.15293
2.02408
1.89967
1.77899
1.66136
1.54603
1.43224
1.31919
1.20606
1.09202
0.976104
0.857574
0.734546
0.608048
0.470668
0.339003
0.164076
0.0915977
30.4422
29.8672
29.2757
28.6588
28.0197
27.3617
26.6853
25.9902
25.2771
24.5473
23.8024
23.0437
22.2734
21.4935
20.7065
19.9149
19.1216
18.3296
17.542
16.7618
15.9919
15.2351
14.4942
13.7714
13.0689
12.3886
11.7319
11.1001
10.494
9.91424
9.3611
8.83462
8.3346
7.86065
7.41223
6.98859
6.58894
6.21234
5.8578
5.5243
5.21077
4.91612
4.63929
4.37922
4.13485
3.90518
3.68918
3.48589
3.2944
3.11379
2.94317
2.78172
2.62859
2.48301
2.34422
2.21147
2.08407
1.96129
1.8425
1.72705
1.61425
1.50341
1.39379
1.28463
1.17516
1.06458
0.951995
0.836711
0.716836
0.59355
0.45923
0.331198
0.159117
0.0914012
31.4122
30.7563
30.0821
29.3844
28.6653
27.9273
27.1709
26.3964
25.6048
24.7976
23.9768
23.1445
22.303
21.4551
20.6038
19.7524
18.9043
18.0627
17.2313
16.4132
15.6116
14.8291
14.0683
13.3313
12.62
11.9356
11.2792
10.6517
10.0531
9.48378
8.94339
8.43153
7.94759
7.49077
7.06016
6.65477
6.2735
5.91519
5.5787
5.26282
4.96638
4.68824
4.42723
4.18224
3.95223
3.73612
3.53296
3.34175
3.16159
2.99159
2.83089
2.67868
2.53418
2.39659
2.26521
2.13932
2.01826
1.90134
1.78797
1.67753
1.56939
1.46285
1.35722
1.25178
1.14579
1.03852
0.929117
0.816929
0.700051
0.579817
0.448384
0.323803
0.15439
0.0912146
32.1397
31.4082
30.6572
29.8842
29.0906
28.2781
27.4471
26.5984
25.7332
24.8537
23.962
23.0611
22.154
21.2442
20.3355
19.4318
18.537
17.655
16.7893
15.9435
15.1205
14.3229
13.5527
12.8118
12.1014
11.4224
10.7751
10.1598
9.57621
9.02385
8.50207
8.00999
7.54657
7.11072
6.70122
6.31678
5.95614
5.61798
5.301
5.00392
4.72548
4.46447
4.21973
3.99014
3.77464
3.57221
3.38185
3.20263
3.03367
2.87411
2.72313
2.57995
2.4438
2.31397
2.18976
2.07049
1.95554
1.84425
1.73607
1.63044
1.52673
1.42431
1.32249
1.22059
1.11793
1.01381
0.907434
0.798193
0.68416
0.566815
0.438101
0.316792
0.149885
0.0910273
32.6543
31.857
31.0389
30.1991
29.3386
28.4576
27.5571
26.6379
25.702
24.7521
23.7914
22.8237
21.8533
20.8848
19.9229
18.9722
18.0373
17.1223
16.2311
15.3669
14.5324
13.7296
12.9602
12.2252
11.5252
10.8603
10.2303
9.63462
9.07253
8.54303
8.04496
7.57702
7.13788
6.72609
6.34023
5.97887
5.64055
5.32385
5.0274
4.74984
4.48991
4.2464
4.01813
3.80401
3.603
3.41411
3.23641
3.06898
2.91097
2.76159
2.62006
2.48562
2.35758
2.23521
2.1179
2.00499
1.89588
1.78997
1.68676
1.58571
1.48625
1.38776
1.28956
1.19102
1.09151
0.990395
0.886896
0.780455
0.669115
0.554505
0.428354
0.310145
0.145597
0.0908281
32.8693
32.025
31.1583
30.2681
29.3545
28.4175
27.4577
26.4767
25.4773
24.4633
23.4395
22.4115
21.3847
20.3654
19.3592
18.3716
17.4075
16.4714
15.5666
14.6961
13.862
13.0656
12.3078
11.5888
10.9083
10.2658
9.66038
9.09083
8.55584
8.05389
7.58346
7.14295
6.7307
6.34513
5.98459
5.64752
5.33243
5.03782
4.76227
4.50444
4.26306
4.03692
3.82492
3.62599
3.43915
3.26347
3.09803
2.94198
2.79453
2.65492
2.52243
2.39635
2.27602
2.16077
2.05
1.94312
1.83955
1.73873
1.64022
1.54351
1.44805
1.35325
1.25847
1.16311
1.06657
0.968287
0.86751
0.763714
0.65491
0.542871
0.419125
0.303842
0.141517
0.0906048
32.9317
32.0594
31.1606
30.2329
29.2756
28.2878
27.2708
26.227
25.1618
24.0809
22.9921
21.9029
20.8213
19.7547
18.7101
17.6932
16.7092
15.7619
14.8541
13.9879
13.1645
12.384
11.6464
10.9511
10.2968
9.68222
9.10586
8.56592
8.06063
7.58818
7.14667
6.73427
6.34919
5.98965
5.65397
5.34055
5.04782
4.77429
4.51856
4.27929
4.05524
3.84531
3.64839
3.46349
3.28968
3.1261
2.97189
2.82624
2.6884
2.55768
2.4334
2.31489
2.20157
2.09276
1.98793
1.8865
1.78794
1.69173
1.59747
1.50468
1.41286
1.32142
1.22974
1.13726
1.04344
0.947742
0.849463
0.748099
0.641627
0.53196
0.41044
0.297882
0.137648
0.0903326
32.7751
31.9049
31.002
30.0608
29.0785
28.0548
26.9913
25.8933
24.7687
23.6277
22.4809
21.339
20.2119
19.1088
18.0368
17.0022
16.0093
15.0613
14.1601
13.3067
12.5009
11.7423
11.0296
10.3612
9.73542
9.15016
8.60336
8.09289
7.61658
7.17232
6.75809
6.37191
6.01187
5.67615
5.36301
5.07083
4.79809
4.54331
4.30511
4.08221
3.8734
3.67762
3.49387
3.32119
3.15871
3.00565
2.86117
2.72453
2.59502
2.472
2.35483
2.24289
2.13562
2.0324
1.93273
1.83603
1.74183
1.64962
1.55907
1.46972
1.38109
1.29259
1.20364
1.11371
1.0223
0.928907
0.83287
0.733698
0.629332
0.521817
0.402336
0.292293
0.134029
0.0900311
32.6706
31.8114
30.9098
29.9551
28.9428
27.8729
26.7501
25.5839
24.3879
23.1777
21.968
20.7721
19.602
18.4669
17.3745
16.3295
15.3356
14.3943
13.5062
12.671
11.8873
11.1536
10.4678
9.82756
9.23046
8.67403
8.15573
7.6731
7.22381
6.80559
6.41628
6.05382
5.71628
5.40179
5.10863
4.83524
4.58009
4.34174
4.11884
3.91017
3.7146
3.53112
3.35877
3.19665
3.04396
2.89998
2.76393
2.63506
2.51274
2.39636
2.28534
2.17908
2.07707
1.97869
1.88349
1.7909
1.70049
1.61177
1.52446
1.43812
1.35229
1.26639
1.17985
1.09217
1.0029
0.911578
0.817559
0.720364
0.617906
0.512352
0.394751
0.287026
0.130633
0.089677
32.4447
31.6325
30.7635
29.8179
28.789
27.6804
26.5008
25.2668
24.0006
22.7244
21.4568
20.2135
19.0076
17.8489
16.7436
15.6956
14.7067
13.7772
12.9062
12.092
11.3321
10.6242
9.96526
9.35242
8.78275
8.25334
7.76141
7.30434
6.87956
6.48471
6.11763
5.77622
5.45853
5.16274
4.88709
4.63006
4.3902
4.1661
3.95646
3.76013
3.57598
3.40308
3.24056
3.08755
2.94329
2.80715
2.67835
2.55618
2.44007
2.32943
2.22372
2.12237
2.02491
1.93074
1.83942
1.75041
1.6633
1.57763
1.49317
1.40947
1.3261
1.24249
1.15808
1.07241
0.985052
0.895589
0.803393
0.70799
0.607264
0.503497
0.387636
0.28205
0.127446
0.089265
32.3632
31.5978
30.755
29.8032
28.738
27.5683
26.3094
24.9888
23.6408
22.2934
20.9672
19.6793
18.4433
17.2671
16.1555
15.11
14.1309
13.2167
12.3651
11.573
10.8372
10.1544
9.52115
8.93399
8.38961
7.8849
7.4168
6.98254
6.57953
6.20538
5.85785
5.53485
5.23448
4.95489
4.69442
4.45158
4.22493
4.01312
3.8149
3.62915
3.45483
3.29106
3.13698
2.99179
2.85479
2.72539
2.60284
2.48645
2.37569
2.27001
2.16889
2.0718
1.9783
1.88778
1.79984
1.71395
1.62973
1.54673
1.46477
1.3834
1.30221
1.22063
1.1381
1.05423
0.96859
0.880801
0.790255
0.696477
0.59733
0.495203
0.380964
0.27735
0.124464
0.0887974
32.1904
31.5232
30.7426
29.8025
28.7099
27.4814
26.1396
24.7301
23.3018
21.8872
20.5076
19.1812
17.9209
16.7331
15.6195
14.5802
13.6132
12.7158
11.8841
11.1138
10.401
9.7418
9.13222
8.56841
8.04682
7.56409
7.11708
6.70297
6.31903
5.96288
5.63234
5.32531
5.0399
4.77434
4.52694
4.29628
4.08098
3.87973
3.6913
3.51466
3.34877
3.19281
3.04599
2.90753
2.77675
2.65316
2.53599
2.42459
2.31846
2.21707
2.11994
2.02654
1.93649
1.84915
1.76417
1.68101
1.59931
1.51866
1.43891
1.3596
1.28034
1.20056
1.11972
1.03746
0.953366
0.867092
0.778047
0.685749
0.588046
0.487426
0.374703
0.272909
0.121678
0.0882783
32.1622
31.5925
30.8533
29.8971
28.7559
27.4467
26.0019
24.4935
22.9845
21.506
20.0784
18.7204
17.4427
16.2484
15.1371
14.1065
13.1533
12.2731
11.4607
10.7111
10.0196
9.38186
8.79358
8.25059
7.74914
7.28579
6.85723
6.46061
6.0932
5.75265
5.43676
5.14348
4.87094
4.61738
4.38119
4.16099
3.95542
3.76321
3.58317
3.41432
3.25566
3.10642
2.96582
2.83314
2.70773
2.58914
2.47663
2.36953
2.2674
2.16973
2.07606
1.98588
1.89884
1.81429
1.73189
1.65112
1.57165
1.49308
1.41529
1.3378
1.26026
1.18209
1.10276
1.02196
0.939255
0.854355
0.766676
0.67573
0.579353
0.480125
0.368827
0.268712
0.119077
0.0877074
32.0701
31.6601
30.9814
30.0175
28.8356
27.442
25.8872
24.281
22.6958
21.158
19.6876
18.3031
17.0125
15.8153
14.7084
13.688
12.7487
11.8851
11.0909
10.3602
9.68788
9.06937
8.49993
7.97522
7.49135
7.04479
6.63219
6.2507
5.89753
5.57035
5.26702
4.98552
4.72399
4.48075
4.25414
4.04288
3.84562
3.66115
3.48829
3.32614
3.17367
3.03018
2.89494
2.76723
2.64643
2.53218
2.42369
2.32033
2.22168
2.12723
2.03659
1.94921
1.86481
1.7827
1.70258
1.62392
1.54642
1.46968
1.39363
1.31778
1.24177
1.16504
1.08707
1.00758
0.926144
0.842495
0.756066
0.666359
0.571206
0.473267
0.363312
0.264743
0.116651
0.0870874
32.0871
31.8312
31.1701
30.1782
28.9484
27.4542
25.7805
24.081
22.4279
20.8388
19.3331
17.9286
16.6293
15.4318
14.331
13.321
12.3953
11.5472
10.7695
10.0557
9.40048
8.79879
8.24576
7.73694
7.26826
6.83623
6.43735
6.06881
5.72781
5.41211
5.11952
4.84809
4.59596
4.3615
4.14309
3.93949
3.74933
3.5715
3.40478
3.24835
3.10121
2.96268
2.83205
2.70863
2.59181
2.4813
2.37631
2.27618
2.18056
2.08893
2.00094
1.91601
1.83393
1.75397
1.67587
1.59907
1.52332
1.44822
1.37372
1.29932
1.22469
1.14926
1.07252
0.994232
0.91394
0.83143
0.746147
0.65758
0.563559
0.466821
0.358134
0.260988
0.114387
0.0864189
32.0981
32.0238
31.3697
30.3598
29.0878
27.4849
25.6904
23.9031
22.1865
20.5509
19.0155
17.5956
16.291
15.0953
14.001
13.0013
12.088
11.254
10.4911
9.79226
9.15186
8.56486
8.02602
7.53088
7.07522
6.6556
6.26845
5.911
5.58041
5.27446
4.99103
4.72819
4.48409
4.25715
4.04574
3.84866
3.66458
3.49243
3.33098
3.17949
3.03693
2.90266
2.776
2.6563
2.54292
2.43568
2.33372
2.23642
2.14344
2.05428
1.96862
1.88585
1.80582
1.72776
1.65144
1.5763
1.5021
1.42846
1.35536
1.28227
1.20888
1.13462
1.059
0.981804
0.902555
0.821089
0.736863
0.649347
0.556381
0.460761
0.353273
0.257433
0.112274
0.0857052
32.204
32.2499
31.5728
30.5481
29.2292
27.5084
25.6011
23.74
21.9697
20.2946
18.7344
17.3024
15.9943
14.8012
13.7138
12.7237
11.8219
11.0005
10.2504
9.56457
8.93701
8.36259
7.83592
7.35249
6.90795
6.49897
6.12181
5.77378
5.45204
5.15444
4.8788
4.6233
4.38603
4.1655
3.96007
3.7686
3.58973
3.42246
3.26553
3.11828
2.97966
2.84909
2.72587
2.60939
2.499
2.39459
2.29529
2.20046
2.1098
2.02281
1.9392
1.85834
1.78013
1.70376
1.62902
1.55536
1.48256
1.41023
1.33838
1.26648
1.1942
1.12101
1.04641
0.970215
0.891916
0.81141
0.728159
0.641619
0.549635
0.455062
0.348706
0.254064
0.110298
0.0849473
32.3837
32.4757
31.7659
30.7553
29.3896
27.5394
25.5198
23.5912
21.7735
20.0661
18.4869
17.0464
15.7364
14.5462
13.465
12.4835
11.5916
10.7813
10.0424
9.36779
8.75123
8.18763
7.6713
7.19787
6.76278
6.36281
5.99415
5.65417
5.33995
5.04943
4.78044
4.53119
4.29976
4.08473
3.88442
3.69774
3.52333
3.36025
3.20723
3.06365
2.92845
2.80107
2.68083
2.56715
2.45936
2.35745
2.26047
2.16781
2.07921
1.99412
1.91234
1.83317
1.75658
1.68171
1.60839
1.53605
1.46451
1.39337
1.32265
1.25181
1.18055
1.10833
1.03467
0.959388
0.881958
0.802337
0.719993
0.634359
0.543294
0.4497
0.344413
0.250867
0.108448
0.0841492
32.6142
32.7168
31.9175
30.9287
29.5288
27.5651
25.4501
23.4625
21.6011
19.8647
18.269
16.8219
15.5112
14.3246
13.2496
12.2759
11.3929
10.592
9.86271
9.19762
8.59044
8.03602
7.52848
7.06351
6.63645
6.24416
5.88272
5.54953
5.24173
4.95725
4.69392
4.45002
4.22357
4.01323
3.81731
3.63477
3.4642
3.30475
3.15509
3.01468
2.88245
2.75785
2.64021
2.52898
2.42347
2.32375
2.22882
2.13807
2.05127
1.96789
1.88772
1.81006
1.73492
1.6614
1.58935
1.5182
1.4478
1.37772
1.30803
1.23816
1.16782
1.09651
1.02369
0.949258
0.872623
0.793823
0.712323
0.627534
0.53733
0.444652
0.340373
0.247829
0.106714
0.0833139
32.6713
33.0297
32.1118
31.1214
29.6523
27.5705
25.3762
23.3431
21.4484
19.6903
18.0821
16.6295
15.318
14.1337
13.0634
12.0962
11.2209
10.4283
9.7072
9.0502
8.45094
7.90433
7.40425
6.94646
6.52619
6.14038
5.78507
5.4577
5.15535
4.87601
4.61752
4.37819
4.15601
3.94971
3.75756
3.57856
3.41131
3.25499
3.10825
2.97061
2.84096
2.71879
2.60343
2.49434
2.39083
2.29303
2.19992
2.11087
2.02568
1.94381
1.86509
1.78878
1.71493
1.64263
1.57172
1.50165
1.43228
1.36318
1.29442
1.22544
1.15594
1.08545
1.01343
0.939762
0.863861
0.785827
0.705115
0.621114
0.531718
0.439897
0.336567
0.244939
0.105085
0.0824469
32.4259
33.2506
32.1865
31.2847
29.764
27.5653
25.2957
23.2201
21.2974
19.5242
17.9094
16.4564
15.1477
13.9683
12.9034
11.9417
11.0726
10.2865
9.57235
8.92223
8.32968
7.78963
7.29583
6.84411
6.42964
6.04933
5.69922
5.37677
5.07905
4.80412
4.54977
4.31435
4.09584
3.893
3.70411
3.52818
3.36381
3.21021
3.06601
2.93078
2.80339
2.68334
2.56999
2.46279
2.36105
2.26496
2.17346
2.08591
2.00216
1.92165
1.84422
1.76914
1.69645
1.62525
1.55537
1.48628
1.41785
1.34964
1.28173
1.21356
1.14483
1.07509
1.0038
0.930846
0.855629
0.778312
0.698338
0.615073
0.526434
0.435413
0.332975
0.242184
0.103554
0.0815543
32.3451
33.8029
32.1542
31.2765
29.7554
27.4991
25.1909
23.0927
21.1543
19.3709
17.7517
16.2984
14.9925
13.8184
12.7602
11.8058
10.9437
10.1638
9.45542
8.81082
8.22391
7.68943
7.20098
6.75432
6.34473
5.96909
5.62343
5.30517
5.01143
4.74024
4.48944
4.25737
4.04203
3.84219
3.65611
3.48284
3.32098
3.16973
3.02777
2.89464
2.76924
2.65106
2.53947
2.43394
2.33378
2.2392
2.14914
2.06295
1.98048
1.90118
1.82492
1.75095
1.67931
1.6091
1.54017
1.47197
1.40439
1.337
1.26986
1.20244
1.13443
1.06538
0.994767
0.922465
0.847891
0.771248
0.691963
0.609385
0.521456
0.431182
0.329582
0.239559
0.102116
0.0806426
)
;

boundaryField
{
    inlet
    {
        type            freestreamPressure;
        freestreamValue uniform 0;
        value           nonuniform List<scalar> 
230
(
-1.93509
-1.93282
-1.92567
-1.91822
-1.91185
-1.90558
-1.89873
-1.89142
-1.88384
-1.87602
-1.86785
-1.85932
-1.85043
-1.84116
-1.83154
-1.82154
-1.81116
-1.80033
-1.78911
-1.77746
-1.76536
-1.7528
-1.73975
-1.72621
-1.71217
-1.69759
-1.68247
-1.66678
-1.6505
-1.63363
-1.61614
-1.598
-1.57921
-1.55974
-1.53957
-1.51869
-1.49708
-1.47473
-1.45161
-1.42772
-1.40304
-1.37757
-1.3513
-1.32423
-1.29637
-1.26772
-1.23832
-1.20818
-1.17735
-1.14587
-1.11379
-1.08118
-1.04812
-1.0147
-0.981008
-0.947149
-0.913238
-0.879385
-0.84571
-0.812327
-0.779351
-0.746885
-0.715022
-0.683838
-0.653383
-0.623678
-0.594677
-0.566299
-0.538151
-0.509998
-0.478687
-0.443388
-0.363996
-0.232409
0.190065
-0.661348
-1.33828
-1.85628
-2.23941
-2.51484
-2.70642
-2.83342
-2.91118
-2.95182
-2.96482
-2.95754
-2.93565
-2.90349
-2.86425
-2.82024
-2.77308
-2.72393
-2.67365
-2.62299
-2.57265
-2.5232
-2.47391
-2.42478
-2.37638
-2.32932
-2.28391
-2.24036
-2.19951
-2.16216
-2.12832
-2.09773
-2.07013
-2.0454
-2.02333
-2.0038
-1.98665
-1.97171
-1.9588
-1.94788
-1.93851
1.17126
2.08856
2.86389
3.48269
3.96059
4.32325
4.59533
4.79772
4.94712
5.05637
5.13521
5.19096
5.2291
5.25369
5.26769
5.27323
5.27186
5.26471
5.25268
5.23661
5.21728
5.19536
5.17029
5.14191
5.11079
5.07761
5.04294
5.00732
4.9713
4.9354
4.90008
4.86574
4.83271
4.80127
4.7716
4.74389
4.71821
4.69463
4.67319
4.65377
4.63664
4.62789
4.62235
4.6072
4.59096
4.57676
4.56291
4.54812
4.53251
4.51649
4.5001
4.48326
4.46591
4.44805
4.42973
4.41088
4.39154
4.37168
4.35136
4.33049
4.30915
4.28732
4.26497
4.2421
4.21869
4.19476
4.17026
4.1452
4.11955
4.0933
4.0664
4.03885
4.01059
3.98159
3.95181
3.92119
3.88968
3.8572
3.8237
3.7891
3.75331
3.71625
3.67784
3.63796
3.59653
3.55345
3.50861
3.46192
3.41329
3.36261
3.30979
3.25475
3.19742
3.13774
3.07564
3.01107
2.944
2.87439
2.8022
2.7274
2.64991
2.56968
2.48657
2.4004
2.31091
2.21767
2.12004
2.01704
1.90715
1.78761
1.65444
1.49591
1.29832
0.973979
0.486342
)
;
    }
    outlet
    {
        type            freestreamPressure;
        freestreamValue uniform 0;
        value           nonuniform List<scalar> 
96
(
0.000330184
0.000325977
0.000321474
0.000316702
0.000311664
0.000306385
0.000300904
0.00029528
0.000289586
0.000283933
0.000278466
0.000273393
0.000268986
0.000265622
0.000263828
0.000264194
0.000267794
0.00027628
0.000289434
0.000309167
0.000352572
0.000430757
0.00047605
0.000362785
8.57812e-05
-0.000175178
-0.000242997
-0.000143199
-2.88399e-05
1.98732e-05
2.57816e-05
2.46372e-05
2.55402e-05
2.31398e-05
1.89612e-05
9.65219e-06
4.52097e-06
-1.05258e-05
-9.7782e-06
-3.83006e-05
-1.57154e-05
-8.68397e-05
1.18669e-05
-0.0002067
0.000172679
-0.000585087
0.000914432
-0.00203224
0.00374232
0.000525855
0.000659018
0.000784557
0.000580113
0.000528391
0.00050993
0.000479299
0.00045949
0.000448147
0.000439152
0.000431572
0.000425046
0.000419126
0.000413735
0.000408913
0.000404645
0.000400876
0.000397547
0.000394607
0.000392017
0.000389742
0.000387756
0.000386027
0.000384526
0.000383214
0.000382052
0.000380997
0.000380001
0.000379021
0.000378007
0.000376908
0.00037562
0.000374222
0.000372618
0.000370784
0.00036873
0.000366471
0.000364006
0.000361346
0.000358492
0.000355458
0.000352247
0.000348875
0.000345355
0.000341708
0.000337961
0.000334139
)
;
    }
    walls
    {
        type            zeroGradient;
    }
    frontAndBack
    {
        type            empty;
    }
}


// ************************************************************************* //
