/*--------------------------------*- C++ -*----------------------------------*\
| =========                 |                                                 |
| \\      /  F ield         | OpenFOAM: The Open Source CFD Toolbox           |
|  \\    /   O peration     | Version:  2312                                  |
|   \\  /    A nd           | Website:  www.openfoam.com                      |
|    \\/     M anipulation  |                                                 |
\*---------------------------------------------------------------------------*/
FoamFile
{
    version     2.0;
    format      ascii;
    arch        "LSB;label=32;scalar=64";
    class       volScalarField;
    location    "150";
    object      p;
}
// * * * * * * * * * * * * * * * * * * * * * * * * * * * * * * * * * * * * * //

dimensions      [0 2 -2 0 0 0 0];

internalField   nonuniform List<scalar> 
11040
(
-433.377
-799.422
-825.548
-732.822
-692.499
-695.68
-696.211
-678.983
-643.552
-596.595
-546
-498.752
-460.692
-431.603
-407.804
-386.162
-365.202
-344.366
-323.387
-301.897
-279.622
-256.924
-235.073
-215.299
-197.233
-180.053
-163.573
-147.69
-132.297
-117.292
-102.613
-88.2308
-74.1399
-60.3632
-46.9743
-34.1296
-22.0945
-10.8955
-1.18111
7.82527
12.6563
-230.7
-489.521
-606.091
-641.824
-667.915
-690.935
-697.866
-684.941
-651.308
-604.926
-554.488
-506.13
-466.1
-435.256
-410.298
-387.975
-366.593
-345.476
-324.307
-302.701
-280.379
-257.716
-235.875
-216.033
-197.89
-180.66
-164.144
-148.233
-132.818
-117.797
-103.104
-88.7103
-74.6076
-60.8155
-47.407
-34.534
-22.4605
-11.1994
-1.45302
7.73688
11.5606
-115.019
-334.097
-502.905
-585.785
-622.333
-648.422
-667.659
-668.972
-645.168
-603.893
-555.641
-508.119
-467.735
-436.179
-410.788
-388.336
-366.932
-345.791
-324.586
-302.952
-280.639
-258.045
-236.246
-216.354
-198.166
-180.927
-164.408
-148.495
-133.082
-118.066
-103.379
-88.9926
-74.8971
-61.1097
-47.7017
-34.8212
-22.7306
-11.4302
-1.67328
7.77231
11.7278
-51.0374
-214.079
-376.636
-485.222
-543.153
-580.137
-607.56
-619.524
-609.915
-581.834
-543.307
-501.931
-464.239
-433.289
-407.959
-385.672
-364.577
-343.807
-323.004
-301.803
-279.923
-257.762
-236.274
-216.475
-198.309
-181.1
-164.6
-148.703
-133.308
-118.313
-103.652
-89.2917
-75.2231
-61.4592
-48.069
-35.1959
-23.098
-11.7658
-1.97474
7.71897
12.105
-13.6446
-132.625
-265.765
-379.835
-458.761
-511.331
-547.481
-567.816
-569.3
-552.677
-523.582
-488.988
-455.224
-426.039
-401.559
-379.993
-359.657
-339.627
-319.508
-298.954
-277.689
-256.17
-235.242
-215.739
-197.759
-180.741
-164.413
-148.664
-133.397
-118.514
-103.95
-89.6747
-75.6804
-61.9795
-48.64
-35.8013
-23.713
-12.3587
-2.50839
7.41208
12.1213
5.89678
-81.5491
-184.503
-287.829
-373.385
-436.587
-481.882
-511.444
-523.721
-518.452
-499.489
-472.828
-444.235
-417.711
-394.441
-373.601
-353.906
-334.485
-314.928
-294.948
-274.296
-253.492
-233.301
-214.265
-196.577
-179.824
-163.726
-148.173
-133.086
-118.38
-103.993
-89.8943
-76.0779
-62.5486
-49.3657
-36.6567
-24.6521
-13.3273
-3.42134
6.66601
11.5648
15.7622
-49.9015
-127.024
-210.949
-290.548
-357.347
-409.667
-447.742
-470.425
-476.903
-469.17
-451.681
-429.453
-406.619
-385.28
-365.606
-346.86
-328.308
-309.532
-290.277
-270.328
-250.276
-230.831
-212.3
-194.934
-178.482
-162.682
-147.415
-132.607
-118.179
-104.068
-90.2388
-76.6819
-63.3941
-50.4279
-37.9007
-26.0205
-14.7596
-4.8029
5.35637
10.4319
19.7182
-30.8065
-88.6699
-153.718
-221.056
-283.953
-337.984
-381.059
-411.58
-428.191
-431.279
-423.567
-408.964
-391.284
-373.103
-355.409
-338.107
-320.762
-303.033
-284.709
-265.634
-246.449
-227.819
-209.891
-192.924
-176.81
-161.333
-146.378
-131.882
-117.782
-104.026
-90.5833
-77.4442
-64.5924
-52.0614
-39.9369
-28.3784
-17.3138
-7.32639
2.86941
8.79881
20.287
-19.4606
-63.527
-113.052
-166.614
-220.577
-271.034
-314.871
-349.739
-373.77
-386.175
-388.047
-381.855
-370.586
-356.796
-342.011
-326.772
-311.061
-294.719
-277.619
-259.664
-241.527
-223.863
-206.719
-190.326
-174.674
-159.618
-145.055
-130.929
-117.196
-103.818
-90.7761
-78.0729
-65.7002
-53.6954
-42.1363
-31.1502
-20.6239
-10.9397
-1.1614
6.19236
18.9032
-12.982
-47.2213
-85.0776
-126.573
-170.249
-213.755
-254.434
-289.791
-317.679
-336.639
-346.51
-348.345
-344.005
-335.563
-324.666
-312.276
-298.779
-284.271
-268.752
-252.214
-235.344
-218.809
-202.62
-186.971
-171.921
-157.401
-143.334
-129.679
-116.406
-103.491
-90.9209
-78.705
-66.838
-55.3558
-44.3364
-33.889
-23.9356
-14.6802
-5.67433
2.26522
16.5012
-9.4864
-36.6092
-65.9271
-97.8932
-132.151
-167.63
-202.668
-235.317
-263.593
-285.803
-301.091
-309.46
-311.659
-308.959
-302.7
-293.93
-283.298
-271.141
-257.628
-242.858
-227.531
-212.331
-197.293
-182.589
-168.323
-154.491
-141.058
-128.001
-115.304
-102.958
-90.962
-79.3277
-68.0524
-57.1673
-46.7437
-36.865
-27.488
-18.7174
-10.4594
-2.99664
13.6701
-7.78594
-29.6412
-52.7213
-77.5264
-104.136
-132.205
-160.898
-188.993
-215.022
-237.483
-255.288
-267.876
-275.187
-277.689
-276.168
-271.448
-264.202
-254.897
-243.839
-231.231
-217.768
-204.157
-190.494
-176.961
-163.687
-150.725
-138.084
-125.766
-113.776
-102.118
-90.8039
-79.8515
-69.2624
-59.0643
-49.3232
-40.1053
-31.3857
-23.2317
-15.6777
-8.89638
10.7895
-7.10307
-24.9598
-43.4134
-62.8961
-83.6153
-105.548
-128.359
-151.402
-173.756
-194.334
-212.169
-226.525
-236.934
-243.301
-245.867
-245.071
-241.395
-235.269
-227.034
-216.956
-205.686
-193.94
-181.9
-169.774
-157.721
-145.836
-134.173
-122.762
-111.629
-100.796
-90.2868
-80.1258
-70.3198
-60.8961
-51.9154
-43.4343
-35.4347
-27.9645
-21.0817
-14.8866
8.08502
-6.94695
-21.6952
-36.6486
-52.153
-68.4267
-85.5633
-103.47
-121.851
-140.199
-157.824
-174.03
-188.178
-199.696
-208.221
-213.632
-216.007
-215.559
-212.552
-207.254
-199.912
-191.081
-181.443
-171.26
-160.774
-150.172
-139.582
-129.095
-118.772
-108.66
-98.7988
-89.2231
-79.9661
-71.0408
-62.4749
-54.3238
-46.6361
-39.3957
-32.6375
-26.4173
-20.794
5.68191
-7.01023
-19.289
-31.5369
-44.0212
-56.9349
-70.3993
-84.4227
-98.8899
-113.546
-127.994
-141.796
-154.496
-165.612
-174.73
-181.568
-185.988
-187.975
-187.603
-185.004
-180.339
-174.01
-166.612
-158.45
-149.788
-140.83
-131.73
-122.606
-113.545
-104.614
-95.8679
-87.353
-79.111
-71.1603
-63.5308
-56.2718
-49.4257
-42.9764
-36.9498
-31.3907
-26.3346
3.66667
-7.08231
-17.3657
-27.4843
-37.6393
-47.9924
-58.6602
-69.6852
-81.0342
-92.5878
-104.131
-115.408
-126.134
-135.965
-144.56
-151.624
-156.936
-160.361
-161.836
-161.364
-159.003
-154.977
-149.752
-143.627
-136.858
-129.652
-122.172
-114.55
-106.888
-99.2699
-91.7607
-84.4161
-77.2829
-70.3865
-63.7572
-57.44
-51.471
-45.8359
-40.5534
-35.6581
-31.1703
2.0966
-7.01571
-15.6549
-24.0602
-32.3811
-40.7514
-49.2741
-57.9978
-66.9226
-75.9956
-85.1028
-94.1017
-102.824
-111.05
-118.535
-125.044
-130.364
-134.325
-136.805
-137.73
-137.075
-134.918
-131.581
-127.316
-122.348
-116.863
-111.016
-104.939
-98.7383
-92.5002
-86.2964
-80.1864
-74.2197
-68.4257
-62.8353
-57.4888
-52.4173
-47.6097
-43.0807
-38.8572
-34.9502
0.956521
-6.83905
-14.1821
-21.2619
-28.1895
-35.0785
-42.0174
-49.0512
-56.1907
-63.4126
-70.654
-77.8334
-84.852
-91.5695
-97.824
-103.445
-108.264
-112.13
-114.915
-116.521
-116.884
-115.992
-114.046
-111.241
-107.753
-103.737
-99.3294
-94.6459
-89.786
-84.8325
-79.8545
-74.91
-70.0473
-65.2971
-60.6893
-56.2596
-52.0351
-48.0085
-44.1923
-40.6086
-37.2629
0.151138
-6.61264
-12.9531
-19.0204
-24.8979
-30.6849
-36.4579
-42.2563
-48.0939
-53.9612
-59.8215
-65.6254
-71.3125
-76.7923
-81.9561
-86.6844
-90.8538
-94.3443
-97.0455
-98.8624
-99.7237
-99.576
-98.5404
-96.7591
-94.3637
-91.4763
-88.2074
-84.6558
-80.9067
-77.0335
-73.0985
-69.1542
-65.2452
-61.4006
-57.6487
-54.0203
-50.5392
-47.2016
-44.0191
-41.0101
-38.1785
-0.402813
-6.33735
-11.8803
-17.1508
-22.2128
-27.1547
-32.0436
-36.9135
-41.7785
-46.6355
-51.4617
-56.2257
-60.8884
-65.389
-69.6532
-73.597
-77.1313
-80.1657
-82.6134
-84.3941
-85.4421
-85.6917
-85.2164
-84.118
-82.493
-80.4339
-78.0284
-75.356
-72.4878
-69.4852
-66.4016
-63.2826
-60.1669
-57.0813
-54.0509
-51.1021
-48.2555
-45.5096
-42.8758
-40.3691
-37.9934
-0.777059
-6.02944
-10.922
-15.5485
-19.9587
-24.2325
-28.429
-32.5778
-36.6922
-40.7724
-44.8037
-48.765
-52.63
-56.3564
-59.8919
-63.1771
-66.1474
-68.7364
-70.8778
-72.5087
-73.5745
-74.0109
-73.8645
-73.2089
-72.1135
-70.6488
-68.8825
-66.8778
-64.6915
-62.3741
-59.9697
-57.5163
-55.0468
-52.5843
-50.1508
-47.7683
-45.4543
-43.2091
-41.0434
-38.9694
-36.9914
-1.01991
-5.70092
-10.0523
-14.1469
-18.024
-21.7566
-25.3973
-28.9721
-32.4929
-35.962
-39.3695
-42.7009
-45.9376
-49.0495
-51.9987
-54.7425
-57.2339
-59.4241
-61.2636
-62.7045
-63.7041
-64.2061
-64.2426
-63.8672
-63.1306
-62.0859
-60.7857
-59.2794
-57.6122
-55.8243
-53.9517
-52.0255
-50.0727
-48.1129
-46.1648
-44.2464
-42.3726
-40.5443
-38.7716
-37.0641
-35.4268
-1.16685
-5.36259
-9.25673
-12.9048
-16.3382
-19.6242
-22.81
-25.9181
-28.9598
-31.9381
-34.8467
-37.6749
-40.4096
-43.0285
-45.5041
-47.8048
-49.8965
-51.743
-53.308
-54.5553
-55.4529
-55.9541
-56.0835
-55.8814
-55.385
-54.6348
-53.6716
-52.5341
-51.2579
-49.875
-48.4142
-46.9005
-45.356
-43.7968
-42.2386
-40.6961
-39.1813
-37.6959
-36.2489
-34.8477
-33.4978
-1.24324
-5.02236
-8.52534
-11.7935
-14.8524
-17.7643
-20.5716
-23.2943
-25.9426
-28.5203
-31.0232
-33.4438
-35.7723
-37.9922
-40.0829
-42.0213
-43.782
-45.3386
-46.6641
-47.7321
-48.5185
-48.9862
-49.1557
-49.0583
-48.7218
-48.1775
-47.4575
-46.5921
-45.6092
-44.5343
-43.3901
-42.1969
-40.9724
-39.7297
-38.4818
-37.2405
-36.0157
-34.8091
-33.6289
-32.4806
-31.3698
-1.26788
-4.68602
-7.8511
-10.7926
-13.5318
-16.1264
-18.6148
-21.0146
-23.3354
-25.5814
-27.7501
-29.8359
-31.8317
-33.7251
-35.5009
-37.1415
-38.6285
-39.9422
-41.063
-41.9714
-42.6501
-43.0699
-43.2492
-43.213
-42.9825
-42.5822
-42.0375
-41.3724
-40.609
-39.7674
-38.8658
-37.9204
-36.9453
-35.9513
-34.949
-33.9478
-32.9557
-31.9744
-31.011
-30.0697
-29.1562
-1.25455
-4.35772
-7.22842
-9.88662
-12.3503
-14.6731
-16.8897
-19.0161
-21.0611
-23.0292
-24.919
-26.7268
-28.4473
-30.0712
-31.5871
-32.9819
-34.242
-35.3531
-36.3007
-37.0709
-37.6514
-38.0196
-38.1927
-38.1907
-38.0306
-37.7316
-37.3141
-36.7973
-36.1988
-35.5345
-34.8191
-34.0654
-33.2848
-32.486
-31.6775
-30.8671
-30.061
-29.2609
-28.473
-27.7001
-26.948
-1.21371
-4.04027
-6.65283
-9.06352
-11.288
-13.3759
-15.3589
-17.2513
-19.0617
-20.7946
-22.4495
-24.024
-25.5144
-26.9138
-28.2136
-29.4042
-30.4756
-31.4173
-32.2192
-32.8711
-33.3647
-33.6826
-33.8412
-33.857
-33.7433
-33.5159
-33.1912
-32.7847
-32.3105
-31.7815
-31.2091
-30.6039
-29.9749
-29.3291
-28.6736
-28.0145
-27.3569
-26.7022
-26.0557
-25.4194
-24.7991
-1.15309
-3.73558
-6.12041
-8.31361
-10.3288
-12.2124
-13.9929
-15.6837
-17.2928
-18.8247
-20.28
-21.6571
-22.9535
-24.1642
-25.283
-26.3029
-27.2166
-28.0167
-28.696
-29.2475
-29.6655
-29.9372
-30.0779
-30.1015
-30.0188
-29.8426
-29.5864
-29.2628
-28.8832
-28.4578
-27.9962
-27.5065
-26.9962
-26.4709
-25.9365
-25.3977
-24.8588
-24.3209
-23.7886
-23.2631
-22.7499
-1.07871
-3.44484
-5.62787
-7.62892
-9.4602
-11.1647
-12.7688
-14.2844
-15.7194
-17.0785
-18.3626
-19.5712
-20.7028
-21.7539
-22.7201
-23.5964
-24.3776
-25.0587
-25.6347
-26.1011
-26.4541
-26.6844
-26.8064
-26.832
-26.7698
-26.6306
-26.4254
-26.1645
-25.8573
-25.5121
-25.1364
-24.7372
-24.3202
-23.8901
-23.4517
-23.0088
-22.5649
-22.1208
-21.6806
-21.2449
-20.8189
-0.995036
-3.16876
-5.17221
-7.00281
-8.67157
-10.2185
-11.6677
-13.0303
-14.3138
-15.5229
-16.6594
-17.7232
-18.7138
-19.6289
-20.4654
-21.2201
-21.8895
-22.4702
-22.9592
-23.3534
-23.6509
-23.8448
-23.9489
-23.9731
-23.9246
-23.8123
-23.6456
-23.4328
-23.1817
-22.8989
-22.5909
-22.2629
-21.9198
-21.5656
-21.2038
-20.8379
-20.4704
-20.1021
-19.7365
-19.3739
-19.0191
-0.90559
-2.90766
-4.75081
-6.42962
-7.95422
-9.36176
-10.6743
-11.9024
-13.0533
-14.1317
-15.1399
-16.0784
-16.9475
-17.7458
-18.4716
-19.1227
-19.6972
-20.1929
-20.6081
-20.9411
-21.1912
-21.3536
-21.4409
-21.462
-21.4226
-21.3302
-21.1928
-21.0172
-20.8098
-20.5762
-20.3214
-20.05
-19.7658
-19.472
-19.1718
-18.8677
-18.5619
-18.255
-17.95
-17.6469
-17.3502
-0.813005
-2.66164
-4.36129
-5.90455
-7.30079
-8.5845
-9.77603
-10.8853
-11.9193
-12.8831
-13.7791
-14.6086
-15.3723
-16.0699
-16.7004
-17.2629
-17.7562
-18.1796
-18.5321
-18.8132
-19.0229
-19.1578
-19.2302
-19.2472
-19.2139
-19.1366
-19.0218
-18.8754
-18.7026
-18.5081
-18.2959
-18.0698
-17.8331
-17.5882
-17.3378
-17.0839
-16.8283
-16.5716
-16.3163
-16.062
-15.8133
-0.719387
-2.43061
-4.00157
-5.42345
-6.70506
-7.87835
-8.96219
-9.96597
-10.8966
-11.7592
-12.5566
-13.2906
-13.9624
-14.5724
-15.1206
-15.6066
-16.0305
-16.3919
-16.6909
-16.9277
-17.1028
-17.2142
-17.2731
-17.2858
-17.2564
-17.1904
-17.0932
-16.9698
-16.8244
-16.6611
-16.483
-16.2934
-16.0948
-15.8894
-15.6792
-15.466
-15.2513
-15.0355
-14.8207
-14.6064
-14.3969
-0.626314
-2.21441
-3.66976
-4.98279
-6.16172
-7.23623
-8.22382
-9.13354
-9.97223
-10.7451
-11.4553
-12.1052
-12.6964
-13.2299
-13.7063
-14.1262
-14.49
-14.7981
-15.0513
-15.2501
-15.3957
-15.4868
-15.5339
-15.5424
-15.5158
-15.4585
-15.3754
-15.2706
-15.1477
-15.0097
-14.8597
-14.6999
-14.5328
-14.3599
-14.183
-14.0036
-13.8228
-13.641
-13.46
-13.2792
-13.1026
-0.535071
-2.01276
-3.36423
-4.57944
-5.66623
-6.65209
-7.55337
-8.37883
-9.13529
-9.8281
-10.4609
-11.0362
-11.5562
-12.0225
-12.4362
-12.7983
-13.1099
-13.372
-13.5856
-13.7517
-13.8718
-13.9454
-13.9819
-13.9862
-13.961
-13.9103
-13.838
-13.7478
-13.6425
-13.5249
-13.3972
-13.2614
-13.1195
-12.9728
-12.8228
-12.6705
-12.5171
-12.3628
-12.2092
-12.0555
-11.9056
-0.446639
-1.82545
-3.08351
-4.21078
-5.21471
-6.12079
-6.94438
-7.69403
-8.37663
-8.99767
-9.56112
-10.07
-10.5269
-10.9337
-11.2921
-11.6036
-11.8696
-12.0916
-12.2709
-12.4088
-12.5071
-12.5656
-12.5932
-12.5939
-12.5701
-12.525
-12.4623
-12.3846
-12.2947
-12.1946
-12.0862
-11.9713
-11.8513
-11.7273
-11.6005
-11.4719
-11.3423
-11.212
-11.0822
-10.9523
-10.8257
-0.361851
-1.65226
-2.82647
-3.87463
-4.8039
-5.63795
-6.39129
-7.07245
-7.68834
-8.2447
-8.74581
-9.19509
-9.59545
-9.9493
-10.2587
-10.5255
-10.7514
-10.9382
-11.0874
-11.2006
-11.2795
-11.3244
-11.3433
-11.3397
-11.3156
-11.2738
-11.2172
-11.1485
-11.0696
-10.9823
-10.8883
-10.7889
-10.6853
-10.5786
-10.4695
-10.359
-10.2476
-10.1356
-10.0241
-9.9124
-9.80363
-0.281349
-1.49301
-2.59211
-3.56923
-4.43122
-5.20004
-5.8896
-6.50843
-7.06368
-7.56134
-8.00603
-8.4015
-8.75104
-9.05738
-9.32296
-9.54997
-9.74046
-9.89632
-10.0194
-10.1113
-10.174
-10.2081
-10.2209
-10.2152
-10.1927
-10.1557
-10.1068
-10.0479
-9.98084
-9.90696
-9.82762
-9.74398
-9.657
-9.56748
-9.47612
-9.38355
-9.29033
-9.19664
-9.10335
-9.00989
-8.91903
-0.205686
-1.34749
-2.37952
-3.29293
-4.09434
-4.80415
-5.43567
-5.99755
-6.49723
-6.94107
-7.33415
-7.68061
-7.98405
-8.2475
-8.47365
-8.66491
-8.82351
-8.95145
-9.05059
-9.12254
-9.16906
-9.191
-9.19484
-9.18311
-9.1573
-9.11951
-9.07187
-9.01617
-8.95386
-8.88619
-8.81427
-8.73906
-8.66135
-8.5818
-8.50089
-8.41916
-8.33705
-8.25463
-8.17261
-8.09043
-8.01052
-0.135383
-1.21567
-2.18787
-3.04403
-3.79066
-4.44689
-5.02563
-5.53561
-5.98444
-6.3788
-6.72423
-7.0254
-7.28637
-7.51056
-7.70091
-7.86006
-7.99042
-8.09423
-8.1736
-8.23038
-8.26648
-8.28296
-8.28547
-8.2759
-8.25534
-8.22528
-8.18735
-8.14289
-8.09302
-8.03872
-7.98089
-7.92032
-7.85763
-7.79339
-7.72805
-7.66203
-7.59572
-7.5292
-7.46306
-7.39675
-7.33248
-0.0710587
-1.09801
-2.0175
-2.82228
-3.51886
-4.12549
-4.65516
-5.11708
-5.51925
-5.86849
-6.17048
-6.43011
-6.65179
-6.83936
-6.99617
-7.125
-7.22817
-7.3076
-7.36498
-7.40176
-7.41952
-7.41937
-7.40674
-7.38364
-7.35137
-7.31157
-7.26587
-7.2156
-7.16174
-7.10515
-7.04648
-6.98634
-6.92515
-6.86333
-6.80109
-6.73876
-6.67658
-6.61452
-6.55299
-6.49155
-6.43192
-0.013181
-0.995222
-1.86965
-2.62982
-3.28178
-3.84261
-4.32548
-4.74062
-5.09714
-5.40286
-5.66406
-5.88577
-6.0722
-6.22708
-6.3539
-6.45608
-6.53682
-6.59905
-6.64524
-6.67732
-6.69697
-6.705
-6.70514
-6.69809
-6.68412
-6.6639
-6.63835
-6.60821
-6.57423
-6.53699
-6.49716
-6.45525
-6.41181
-6.36722
-6.32195
-6.27622
-6.23036
-6.18447
-6.13902
-6.09349
-6.04959
0.0379955
-0.906637
-1.74273
-2.46501
-3.07935
-3.60132
-4.04331
-4.41548
-4.72748
-4.98832
-5.20597
-5.38717
-5.53726
-5.66013
-5.75838
-5.83371
-5.88741
-5.92076
-5.93521
-5.93244
-5.9143
-5.8828
-5.84325
-5.79792
-5.74829
-5.69593
-5.64212
-5.58785
-5.53361
-5.47983
-5.42665
-5.37426
-5.32269
-5.27195
-5.22201
-5.17284
-5.12444
-5.07669
-5.02973
-4.98325
-4.93816
0.0819844
-0.830811
-1.63098
-2.31605
-2.89381
-3.38039
-3.78852
-4.12793
-4.40706
-4.63348
-4.81417
-4.95598
-5.06583
-5.15059
-5.21666
-5.2696
-5.31362
-5.35154
-5.38482
-5.41395
-5.43896
-5.45912
-5.47494
-5.48548
-5.49004
-5.48851
-5.48135
-5.46898
-5.45207
-5.43123
-5.40723
-5.38068
-5.35223
-5.32238
-5.29165
-5.26037
-5.2289
-5.19741
-5.16628
-5.1352
-5.10539
0.117418
-0.771179
-1.5393
-2.18538
-2.7188
-3.158
-3.51949
-3.81688
-4.06138
-4.26158
-4.42344
-4.55068
-4.64541
-4.70893
-4.74241
-4.74761
-4.72715
-4.68453
-4.62377
-4.54896
-4.46379
-4.37219
-4.28042
-4.19137
-4.10655
-4.02711
-3.95356
-3.88606
-3.82424
-3.76764
-3.71561
-3.66758
-3.62297
-3.58121
-3.54182
-3.50443
-3.46867
-3.43424
-3.40093
-3.36856
-3.33713
0.142838
-0.73891
-1.49735
-2.12789
-2.63512
-3.03372
-3.33994
-3.57003
-3.74011
-3.86537
-3.95945
-4.034
-4.09852
-4.16009
-4.2233
-4.29034
-4.36127
-4.43468
-4.50828
-4.57963
-4.6467
-4.70731
-4.75929
-4.8009
-4.83166
-4.85182
-4.86224
-4.86386
-4.8579
-4.84566
-4.82869
-4.80815
-4.78503
-4.7601
-4.73404
-4.70735
-4.68044
-4.65361
-4.62711
-4.6011
-4.57567
0.157347
-0.735459
-1.50951
-2.16347
-2.6993
-3.12535
-3.45099
-3.68575
-3.83951
-3.92219
-3.94341
-3.91234
-3.8377
-3.72781
-3.59062
-3.43377
-3.26447
-3.08928
-2.91383
-2.74257
-2.57859
-2.42461
-2.28505
-2.16136
-2.05337
-1.96042
-1.88148
-1.81543
-1.75979
-1.71158
-1.66914
-1.63183
-1.59901
-1.57005
-1.54434
-1.52135
-1.50073
-1.4821
-1.46534
-1.44967
-1.43611
0.159976
-0.726592
-1.46761
-2.07886
-2.57959
-2.99069
-3.32979
-3.61061
-3.84388
-4.03812
-4.20011
-4.33529
-4.4481
-4.54206
-4.61995
-4.68384
-4.73527
-4.77542
-4.80531
-4.82602
-4.83878
-4.84477
-4.84282
-4.83306
-4.81702
-4.79619
-4.7717
-4.74443
-4.71667
-4.69064
-4.66703
-4.64575
-4.62675
-4.61018
-4.59606
-4.58444
-4.57524
-4.56852
-4.56409
-4.56211
-4.56176
36.421
37.4448
34.0215
32.5653
30.5803
27.8879
25.2944
23.0437
21.0172
19.1802
17.5334
16.0682
14.7617
13.5924
12.5455
11.6032
10.7558
9.99294
9.29927
8.66506
8.08824
7.56214
7.08323
6.64306
6.24151
5.87218
5.53383
5.22241
4.93461
4.66871
4.42281
4.19594
3.98606
3.79171
3.60999
3.43886
3.2798
3.13068
2.99206
2.86214
2.73926
2.62286
2.51307
2.41061
2.31305
2.22229
2.13408
2.04679
1.96217
1.88265
1.8136
1.74431
1.68515
1.62207
1.54847
1.47391
1.39473
1.32338
1.25877
1.19791
1.14588
1.08471
1.0135
0.940731
0.854552
0.752211
0.659855
0.581036
0.514085
0.443008
0.35666
0.283034
0.135681
0.0940859
35.8003
36.9278
33.6033
32.3617
30.4372
27.7285
25.1246
22.868
20.8395
19.0013
17.3557
15.8933
14.5909
13.4269
12.3853
11.4492
10.6083
9.85351
9.1693
8.54404
7.97489
7.4552
6.98184
6.54734
6.15134
5.78736
5.45375
5.14658
4.86302
4.60137
4.35962
4.13651
3.92993
3.73832
3.5592
3.39096
3.23482
3.08866
2.95249
2.82447
2.70319
2.5885
2.48074
2.38051
2.28498
2.19559
2.10849
2.0222
1.93872
1.8609
1.79344
1.72582
1.6674
1.60498
1.53197
1.45795
1.3799
1.30992
1.2468
1.18708
1.13533
1.07464
1.00388
0.93075
0.845365
0.744203
0.653189
0.575993
0.510073
0.439382
0.353402
0.279699
0.133285
0.0921213
35.4295
36.3277
33.1875
32.1063
30.2548
27.5446
24.9339
22.6735
20.6431
18.8026
17.1569
15.6961
14.397
13.2379
12.2022
11.2727
10.4386
9.69118
9.01518
8.39873
7.83925
7.32951
6.86483
6.43774
6.04777
5.68965
5.36166
5.0598
4.78185
4.52532
4.28836
4.06945
3.86655
3.67816
3.50231
3.33761
3.18498
3.04209
2.90852
2.78252
2.66311
2.55057
2.44537
2.34773
2.25445
2.16618
2.08027
1.99512
1.91302
1.83729
1.77146
1.70588
1.64805
1.58617
1.51401
1.44061
1.36396
1.29547
1.23404
1.17547
1.12413
1.06374
0.993445
0.920036
0.835543
0.735901
0.6463
0.570648
0.505665
0.435509
0.34984
0.275959
0.130684
0.0901425
34.8461
35.6784
32.7666
31.8066
30.0304
27.3302
24.7204
22.4648
20.4363
18.5935
16.9464
15.486
14.1886
13.0327
12.0012
11.0774
10.2493
9.50897
8.8407
8.23168
7.67985
7.17939
6.72521
6.30898
5.92847
5.57815
5.25644
4.96082
4.68916
4.43881
4.20758
3.99351
3.7948
3.61024
3.43842
3.27804
3.12951
2.99022
2.85941
2.73565
2.61855
2.50872
2.40662
2.31193
2.22108
2.13408
2.0493
1.96546
1.88502
1.81173
1.74786
1.68433
1.62716
1.56579
1.49457
1.42203
1.34671
1.28022
1.22048
1.16302
1.11214
1.05188
0.982079
0.908474
0.825087
0.727452
0.639354
0.565099
0.500871
0.4313
0.345909
0.271738
0.127845
0.0881985
34.0292
34.7822
32.0821
31.3139
29.6955
27.0491
24.4574
22.222
20.2067
18.3676
16.722
15.2639
13.969
12.8156
11.7871
10.8673
10.0439
9.30941
8.64828
8.04652
7.50189
7.00917
6.56287
6.15578
5.78558
5.44634
5.135
4.84823
4.58393
4.34005
4.11487
3.90639
3.71294
3.53339
3.36661
3.21129
3.06731
2.93188
2.80411
2.68304
2.56887
2.46245
2.36401
2.27257
2.18423
2.09878
2.01524
1.93309
1.85481
1.78435
1.72271
1.66122
1.6047
1.54376
1.47364
1.40228
1.32852
1.26385
1.20589
1.14963
1.0992
1.03915
0.969785
0.896119
0.813933
0.718588
0.632116
0.559156
0.495586
0.426751
0.341722
0.267219
0.124836
0.0862752
32.7885
33.3953
30.9365
30.4476
29.091
26.5829
24.0524
21.8687
19.8985
18.0895
16.4644
15.0213
13.7358
12.5874
11.5618
10.6454
9.82563
9.09541
8.44051
7.84512
7.30748
6.82255
6.38362
5.98376
5.62067
5.28998
4.98905
4.71408
4.46133
4.22724
4.00951
3.80691
3.61908
3.44553
3.28514
3.13606
2.99731
2.86607
2.74164
2.62378
2.51332
2.41114
2.31695
2.22903
2.14327
2.05945
1.97734
1.89732
1.82178
1.7545
1.69544
1.63606
1.58021
1.51973
1.45078
1.38084
1.309
1.24632
1.1902
1.13518
1.08513
1.02534
0.956452
0.882897
0.802103
0.709433
0.624728
0.552924
0.48982
0.421733
0.337157
0.262333
0.121645
0.0844172
30.4816
31.0889
28.9924
28.8895
27.9693
25.7571
23.3801
21.2996
19.4146
17.6691
16.0921
14.6891
13.4378
12.3167
11.3117
10.4102
9.59914
8.87451
8.22497
7.63328
7.10018
6.62125
6.18905
5.79649
5.44054
5.11717
4.82369
4.55708
4.31432
4.09145
3.88483
3.69222
3.51285
3.34654
3.19278
3.0501
2.91706
2.7908
2.67072
2.55712
2.4513
2.35408
2.26459
2.1804
2.09734
2.01536
1.93508
1.85775
1.78559
1.72189
1.66558
1.60836
1.55318
1.49321
1.42564
1.35747
1.28799
1.22738
1.17321
1.11957
1.06988
1.01048
0.94213
0.868865
0.789494
0.69965
0.616892
0.546219
0.483511
0.416253
0.332318
0.257273
0.118355
0.082618
26.0031
27.2697
25.8178
26.0812
25.7454
24.1088
22.1275
20.3208
18.647
17.0519
15.5728
14.2337
13.0274
11.9417
10.9676
10.095
9.31095
8.61171
7.98302
7.40672
6.8842
6.41233
5.98546
5.5984
5.24861
4.93238
4.64619
4.38653
4.15029
3.93421
3.73574
3.55344
3.38608
3.23184
3.08848
2.95373
2.82631
2.70463
2.58919
2.48102
2.38138
2.29037
2.20626
2.12598
2.04567
1.96574
1.8878
1.81381
1.74575
1.68609
1.6328
1.57782
1.52339
1.46404
1.398
1.33189
1.26519
1.20706
1.15488
1.10267
1.05327
0.994342
0.926674
0.853939
0.776136
0.689355
0.608714
0.539144
0.476702
0.410211
0.327045
0.251932
0.114949
0.0809317
18.9463
21.6318
21.3369
21.9094
22.1216
21.2003
19.7808
18.3944
17.0826
15.7989
14.5748
13.4427
12.4016
11.4404
10.5527
9.73437
8.98338
8.30483
7.69054
7.12944
6.62302
6.16705
5.75518
5.38171
5.04315
4.73637
4.45855
4.20646
3.97699
3.76686
3.57403
3.39783
3.23819
3.09382
2.96187
2.83855
2.72102
2.60722
2.49813
2.39588
2.30249
2.21796
2.13972
2.06401
1.98713
1.91
1.83513
1.76518
1.70183
1.64662
1.59655
1.54391
1.49034
1.43179
1.3676
1.30395
1.24049
1.18499
1.13494
1.08433
1.03529
0.976934
0.910077
0.838102
0.761889
0.678187
0.599852
0.531487
0.469345
0.403656
0.321444
0.246471
0.111483
0.0793601
11.2107
15.0631
16.1492
17.1216
17.8039
17.5836
16.7557
15.7963
14.837
13.8615
12.8983
11.9917
11.1556
10.3853
9.67478
9.01783
8.40905
7.84594
7.31893
6.81963
6.3509
5.91514
5.51337
5.1463
4.81408
4.51496
4.24639
4.00453
3.78535
3.58547
3.40263
3.23565
3.08388
2.94591
2.8195
2.70222
2.59237
2.48827
2.39008
2.29876
2.21503
2.13811
2.06531
1.99342
1.91985
1.84617
1.77558
1.71092
1.65328
1.60302
1.55639
1.50613
1.45356
1.39603
1.33398
1.2732
1.21345
1.16108
1.11331
1.06437
1.01572
0.95799
0.892104
0.821198
0.746779
0.666302
0.590425
0.523339
0.461486
0.396524
0.315342
0.240724
0.107882
0.0779545
3.96447
8.19041
10.3656
11.9005
13.0469
13.4869
13.3139
12.8683
12.3216
11.696
11.0183
10.3359
9.67754
9.05295
8.46773
7.92678
7.43242
6.98403
6.57447
6.19377
5.83696
5.50038
5.18007
4.8737
4.58137
4.30412
4.04422
3.80379
3.58411
3.38597
3.20907
3.05174
2.9115
2.78488
2.66806
2.55807
2.45378
2.35522
2.26409
2.1822
2.10946
2.04331
1.97943
1.91391
1.84487
1.77501
1.70886
1.64984
1.59851
1.55394
1.51137
1.4639
1.41261
1.35636
1.29675
1.23929
1.18378
1.13487
1.0897
1.04265
0.994505
0.937468
0.87265
0.803059
0.730559
0.65333
0.580104
0.514487
0.453066
0.388882
0.308865
0.234825
0.104146
0.0767245
-2.80726
1.32802
4.1135
6.22056
7.83982
8.85723
9.3123
9.4157
9.32391
9.09239
8.75652
8.36275
7.94718
7.52778
7.11453
6.71523
6.33551
5.97909
5.64706
5.33884
5.05547
4.79726
4.56156
4.34398
4.13971
3.94403
3.75367
3.56703
3.38403
3.20643
3.0374
2.8802
2.73717
2.60919
2.49498
2.39184
2.2975
2.21032
2.13016
2.05766
1.9926
1.933
1.87559
1.817
1.75552
1.69344
1.63491
1.58312
1.53832
1.49902
1.46028
1.41573
1.36629
1.31199
1.25543
1.20185
1.1511
1.10626
1.06397
1.01888
0.971287
0.914974
0.85136
0.78341
0.713188
0.639428
0.569042
0.505038
0.444135
0.380672
0.301827
0.228569
0.100125
0.0757318
-9.39127
-5.45106
-2.38882
0.155898
2.21202
3.73032
4.75114
5.39972
5.79067
5.98848
6.0355
5.9755
5.84654
5.67378
5.47337
5.25776
5.03652
4.81636
4.60099
4.39214
4.19161
4.00145
3.8231
3.65765
3.50591
3.36757
3.24097
3.12321
3.01082
2.90067
2.79087
2.68044
2.56903
2.45729
2.34695
2.24067
2.14212
2.05442
1.97897
1.91513
1.86017
1.80984
1.75983
1.70731
1.65202
1.59745
1.54783
1.50568
1.46999
1.4378
1.40371
1.36214
1.31438
1.26206
1.20886
1.15985
1.11472
1.07469
1.03591
0.993093
0.946117
0.890429
0.827966
0.761834
0.694171
0.624115
0.556932
0.494855
0.434683
0.371985
0.294359
0.222062
0.0957613
0.0750097
-15.8314
-12.0694
-8.89187
-6.07782
-3.67987
-1.74734
-0.245115
0.902458
1.76748
2.4029
2.85115
3.15195
3.34171
3.44875
3.49405
3.49407
3.46201
3.40782
3.33845
3.25856
3.17187
3.08155
2.99003
2.89896
2.80963
2.72314
2.64048
2.56289
2.49149
2.42683
2.36825
2.31352
2.25916
2.20174
2.13917
2.07115
1.9992
1.92604
1.85477
1.7883
1.72855
1.67531
1.62647
1.57951
1.53318
1.48904
1.44984
1.41729
1.39014
1.36515
1.33698
1.30044
1.25645
1.20746
1.15807
1.11355
1.07394
1.03912
1.00442
0.964455
0.918555
0.863651
0.802355
0.738159
0.673355
0.607363
0.543802
0.484038
0.424833
0.36286
0.286325
0.215074
0.0907955
0.0746241
-21.8672
-18.3015
-15.1267
-12.2047
-9.60274
-7.37389
-5.50121
-3.94122
-2.65493
-1.60764
-0.766115
-0.097333
0.42953
0.841271
1.15996
1.40393
1.58847
1.72616
1.82679
1.89813
1.94636
1.97664
1.99295
1.99823
1.99466
1.98399
1.9678
1.94759
1.92489
1.9011
1.87732
1.85427
1.83223
1.81108
1.79025
1.76871
1.74522
1.71849
1.68752
1.65169
1.61085
1.56516
1.51558
1.46445
1.41539
1.37263
1.33896
1.31458
1.29615
1.27884
1.25704
1.22637
1.18787
1.14464
1.10161
1.06351
1.03033
1.00081
0.970022
0.932675
0.887834
0.833774
0.773771
0.71176
0.650187
0.588678
0.529346
0.472493
0.414674
0.353518
0.277972
0.207753
0.0850902
0.07459
-27.1989
-23.8905
-20.8293
-17.9389
-15.2761
-12.8889
-10.7763
-8.91979
-7.3026
-5.908
-4.71571
-3.70318
-2.84777
-2.12808
-1.5246
-1.01988
-0.598391
-0.246704
0.0466484
0.29122
0.495064
0.664928
0.806426
0.924111
1.02174
1.10247
1.16895
1.22345
1.26781
1.30344
1.33146
1.35277
1.3683
1.37917
1.38671
1.39236
1.3974
1.40237
1.40661
1.40825
1.4049
1.39422
1.37504
1.34799
1.31553
1.28151
1.24993
1.22354
1.20217
1.1834
1.16295
1.13675
1.10476
1.06929
1.03468
1.00498
0.980034
0.957588
0.932231
0.898517
0.855194
0.801828
0.742652
0.682445
0.624125
0.567481
0.513142
0.460086
0.404372
0.344234
0.269448
0.200065
0.0783485
0.0749161
-31.4932
-28.5116
-25.6691
-22.9344
-20.3489
-17.9488
-15.7423
-13.7278
-11.9031
-10.2647
-8.80448
-7.51121
-6.37179
-5.37237
-4.49896
-3.73778
-3.07577
-2.50068
-2.00152
-1.56841
-1.19262
-0.866457
-0.583247
-0.337176
-0.123301
0.0626952
0.224592
0.365584
0.488357
0.595098
0.687589
0.767312
0.835612
0.893833
0.943335
0.985462
1.02152
1.05263
1.07946
1.10227
1.12104
1.13553
1.14544
1.15058
1.1512
1.14807
1.14201
1.13344
1.12151
1.10489
1.08234
1.05361
1.02128
0.988848
0.960182
0.937864
0.920654
0.905119
0.885597
0.856646
0.816663
0.765925
0.708991
0.65123
0.596203
0.544226
0.495006
0.446311
0.39348
0.334943
0.26107
0.19244
0.0705823
0.0757781
-34.3111
-31.7035
-29.161
-26.6792
-24.2852
-22.0033
-19.8454
-17.8183
-15.9279
-14.1783
-12.5701
-11.1011
-9.76655
-8.56032
-7.47483
-6.50164
-5.63181
-4.85631
-4.16632
-3.55334
-3.00935
-2.52697
-2.09935
-1.72039
-1.38456
-1.08691
-0.823025
-0.58902
-0.381536
-0.197657
-0.0348606
0.109088
0.236217
0.348388
0.447266
0.53426
0.610544
0.677087
0.734668
0.783987
0.825816
0.861134
0.89104
0.916672
0.939155
0.959209
0.976773
0.990781
0.999107
0.999577
0.990696
0.972483
0.947625
0.920272
0.895165
0.875726
0.861629
0.849505
0.833619
0.808348
0.771613
0.724059
0.670442
0.616438
0.565952
0.519525
0.475971
0.432047
0.382485
0.325764
0.252751
0.184768
0.0614535
0.0776227
-35.6904
-33.4623
-31.2522
-29.0679
-26.9266
-24.8441
-22.8322
-20.9006
-19.0586
-17.3135
-15.6709
-14.1341
-12.7044
-11.3813
-10.163
-9.04609
-8.02614
-7.09798
-6.25593
-5.49394
-4.80592
-4.18574
-3.62754
-3.1257
-2.67492
-2.27027
-1.90724
-1.5817
-1.28992
-1.02857
-0.794601
-0.58527
-0.398058
-0.230686
-0.0811412
0.0522936
0.171066
0.276409
0.369405
0.451055
0.522365
0.584412
0.638318
0.685195
0.726155
0.76216
0.793667
0.820562
0.842008
0.856852
0.864036
0.863292
0.855987
0.844597
0.832159
0.820964
0.810906
0.799786
0.783723
0.758805
0.723562
0.678849
0.62896
0.579221
0.533573
0.49281
0.455213
0.41668
0.3712
0.316979
0.245081
0.177656
0.0512759
0.0805296
-35.9162
-34.0485
-32.1718
-30.2959
-28.4317
-26.5895
-24.7794
-23.0112
-21.2943
-19.6369
-18.0465
-16.5291
-15.0895
-13.7309
-12.4554
-11.2636
-10.1551
-9.12817
-8.18049
-7.3089
-6.50967
-5.77875
-5.11187
-4.50462
-3.95264
-3.45165
-2.99753
-2.58636
-2.21446
-1.87838
-1.5749
-1.30104
-1.05408
-0.831536
-0.631191
-0.451097
-0.289534
-0.144953
-0.0159152
0.0989597
0.201011
0.291533
0.371717
0.442597
0.505056
0.55978
0.607249
0.647648
0.680944
0.707057
0.726057
0.738533
0.745921
0.749967
0.752311
0.753709
0.753119
0.748015
0.735122
0.711707
0.677462
0.634435
0.587407
0.541645
0.500805
0.465445
0.433292
0.399721
0.358371
0.307166
0.237118
0.170796
0.0395734
0.0854378
-35.2719
-33.7334
-32.1721
-30.5947
-29.0077
-27.4187
-25.8357
-24.2669
-22.7202
-21.2036
-19.7244
-18.2895
-16.905
-15.5763
-14.3074
-13.1019
-11.9619
-10.8887
-9.88267
-8.94338
-8.06957
-7.25941
-6.51056
-5.82027
-5.18557
-4.60328
-4.07012
-3.58283
-3.13815
-2.73293
-2.3641
-2.02879
-1.7243
-1.44811
-1.19794
-0.971691
-0.767426
-0.583355
-0.417777
-0.269063
-0.135661
-0.0161187
0.0908556
0.186354
0.271263
0.346302
0.411988
0.468705
0.516719
0.556325
0.588012
0.612683
0.631818
0.647044
0.659746
0.670485
0.678271
0.68076
0.674903
0.658178
0.630141
0.592726
0.550461
0.508633
0.471268
0.439466
0.411087
0.381333
0.343547
0.295329
0.227616
0.163207
0.0232663
0.0974612
-34.0128
-32.7635
-31.4865
-30.1825
-28.856
-27.5131
-26.1597
-24.8019
-23.4458
-22.098
-20.765
-19.4533
-18.169
-16.9179
-15.7052
-14.5355
-13.4127
-12.3399
-11.3196
-10.3533
-9.44196
-8.58575
-7.78423
-7.03643
-6.34094
-5.69592
-5.09928
-4.54871
-4.04175
-3.57586
-3.14849
-2.75711
-2.39926
-2.07261
-1.77494
-1.5041
-1.25807
-1.03495
-0.832896
-0.650182
-0.485169
-0.336342
-0.202344
-0.0820007
0.0256914
0.121566
0.206363
0.280683
0.345063
0.400038
0.44623
0.484475
0.515923
0.541818
0.563263
0.580856
0.594185
0.601811
0.601789
0.592374
0.573147
0.54544
0.512562
0.47858
0.44682
0.418471
0.392034
0.363597
0.327346
0.281067
0.215745
0.154244
0.00372678
0.119417
-32.3404
-31.3379
-30.3083
-29.2457
-28.1536
-27.0376
-25.9021
-24.7507
-23.5878
-22.4183
-21.2477
-20.0812
-18.9243
-17.7822
-16.6602
-15.5632
-14.4956
-13.4615
-12.4646
-11.5078
-10.5935
-9.72339
-8.89873
-8.12009
-7.38755
-6.70071
-6.05875
-5.46051
-4.90453
-4.38914
-3.9125
-3.47264
-3.06762
-2.69542
-2.35402
-2.04143
-1.7557
-1.49497
-1.25743
-1.04134
-0.845092
-0.667165
-0.506171
-0.360865
-0.230142
-0.113009
-0.00858707
0.0839334
0.1653
0.236234
0.297468
0.349802
0.394153
0.43145
0.4625
0.487788
0.507182
0.519958
0.525109
0.521843
0.510242
0.491603
0.468486
0.443832
0.419912
0.397279
0.374332
0.347592
0.312142
0.266525
0.202899
0.143927
-0.00443722
0.133282
-30.4246
-29.6276
-28.8068
-27.9506
-27.0622
-26.1473
-25.2088
-24.2484
-23.2688
-22.2736
-21.2668
-20.2525
-19.2349
-18.2184
-17.2077
-16.2072
-15.2214
-14.2545
-13.3104
-12.3929
-11.5051
-10.6498
-9.82931
-9.04549
-8.29963
-7.59259
-6.92475
-6.2961
-5.70625
-5.15447
-4.63977
-4.16097
-3.71669
-3.30542
-2.92554
-2.57538
-2.25327
-1.95751
-1.68647
-1.43854
-1.21219
-1.00596
-0.81847
-0.648437
-0.494681
-0.356132
-0.231783
-0.120719
-0.0220663
0.0650137
0.14134
0.207732
0.265034
0.314054
0.355483
0.389779
0.417003
0.436822
0.448763
0.452502
0.448357
0.437568
0.42229
0.404928
0.387322
0.369846
0.350926
0.327339
0.294618
0.251284
0.19114
0.133371
0.0150076
0.106964
-28.3848
-27.7559
-27.1076
-26.424
-25.7082
-24.9663
-24.2002
-23.4098
-22.5967
-21.7633
-20.9124
-20.0466
-19.1693
-18.2837
-17.3935
-16.5025
-15.6146
-14.7335
-13.8632
-13.0074
-12.1695
-11.3527
-10.5601
-9.79414
-9.05706
-8.35067
-7.67634
-7.03504
-6.42735
-5.85349
-5.31336
-4.80657
-4.33244
-3.89008
-3.47844
-3.09632
-2.74246
-2.41551
-2.1141
-1.83684
-1.58237
-1.34935
-1.13646
-0.942438
-0.766104
-0.606333
-0.462082
-0.332371
-0.216264
-0.112865
-0.021308
0.0592501
0.129637
0.19063
0.242916
0.287016
0.323189
0.351434
0.371595
0.383574
0.387661
0.384805
0.376638
0.365102
0.35184
0.337446
0.32091
0.299762
0.270329
0.230921
0.17764
0.121667
0.054646
0.0383309
-26.3179
-25.8241
-25.3156
-24.7734
-24.2008
-23.6042
-22.9845
-22.3409
-21.6738
-20.9847
-20.2754
-19.5477
-18.8035
-18.0454
-17.276
-16.4981
-15.7149
-14.9296
-14.1455
-13.366
-12.5943
-11.8338
-11.0875
-10.3583
-9.64884
-8.96158
-8.29854
-7.66143
-7.05164
-6.47018
-5.91776
-5.39475
-4.9012
-4.43694
-4.00152
-3.59434
-3.21463
-2.86147
-2.53384
-2.2307
-1.95091
-1.6933
-1.45671
-1.23997
-1.04196
-0.861583
-0.697801
-0.549629
-0.416114
-0.29634
-0.189424
-0.0945169
-0.0108018
0.0624912
0.126059
0.180494
0.226216
0.263459
0.292325
0.312874
0.325365
0.330472
0.329364
0.323514
0.314308
0.302459
0.287539
0.267947
0.241131
0.205524
0.15995
0.107471
0.0823688
-0.0298591
-24.2833
-23.897
-23.5003
-23.0722
-22.6165
-22.1397
-21.6422
-21.1225
-20.5802
-20.0163
-19.4319
-18.8277
-18.2052
-17.5657
-16.9111
-16.2435
-15.565
-14.8782
-14.1856
-13.4902
-12.7946
-12.102
-11.4151
-10.7368
-10.07
-9.41711
-8.78068
-8.16285
-7.56554
-6.99038
-6.4387
-5.91154
-5.40964
-4.93347
-4.48324
-4.05892
-3.66028
-3.28689
-2.93819
-2.61348
-2.31194
-2.03267
-1.77473
-1.53713
-1.31888
-1.11898
-0.936467
-0.770394
-0.61984
-0.483907
-0.36173
-0.252477
-0.155345
-0.0695756
0.00553914
0.0706322
0.126222
0.172696
0.21031
0.239247
0.259776
0.272432
0.27812
0.278015
0.273312
0.264766
0.252323
0.234995
0.211129
0.179428
0.140606
0.0934845
0.0800822
-0.0545646
-22.3264
-22.0248
-21.7164
-21.3795
-21.018
-20.6385
-20.2413
-19.8242
-19.3865
-18.9288
-18.4515
-17.955
-17.4398
-16.9068
-16.3571
-15.792
-15.2129
-14.6217
-14.0202
-13.4106
-12.7952
-12.1764
-11.5567
-10.9386
-10.3248
-9.71782
-9.1201
-8.534
-7.96172
-7.40525
-6.86638
-6.34662
-5.84727
-5.36934
-4.9136
-4.48057
-4.07054
-3.6836
-3.31965
-2.97839
-2.65937
-2.36206
-2.08577
-1.82978
-1.5933
-1.3755
-1.17552
-0.992533
-0.82569
-0.67416
-0.537131
-0.413813
-0.303434
-0.205253
-0.118564
-0.042712
0.0228743
0.0786644
0.125013
0.162186
0.190482
0.210393
0.222698
0.228434
0.228702
0.224326
0.215527
0.20175
0.181952
0.15507
0.122413
0.0818944
0.061765
-0.0388332
-20.4698
-20.2346
-19.9955
-19.7308
-19.4446
-19.1435
-18.8275
-18.4943
-18.143
-17.7737
-17.3867
-16.9818
-16.5593
-16.1193
-15.6626
-15.1897
-14.7017
-14.1995
-13.6846
-13.1584
-12.6225
-12.079
-11.5296
-10.9766
-10.4222
-9.86874
-9.3184
-8.77353
-8.23634
-7.70897
-7.1934
-6.69145
-6.20477
-5.73478
-5.28269
-4.84946
-4.43589
-4.04251
-3.66967
-3.3175
-2.98597
-2.6749
-2.38397
-2.11273
-1.86066
-1.62715
-1.41153
-1.21312
-1.03121
-0.865065
-0.713963
-0.577183
-0.454006
-0.343725
-0.24565
-0.159131
-0.0835716
-0.0184604
0.0366169
0.0819926
0.118016
0.145183
0.164222
0.176094
0.181852
0.182375
0.178096
0.168799
0.153882
0.132526
0.105963
0.072248
0.0474916
-0.0154152
-18.7302
-18.5468
-18.3616
-18.1538
-17.9274
-17.6888
-17.438
-17.1726
-16.8916
-16.5949
-16.2827
-15.9545
-15.6103
-15.2499
-14.8736
-14.4817
-14.0745
-13.6527
-13.2171
-12.7687
-12.3085
-11.8379
-11.3583
-10.8715
-10.379
-9.88296
-9.38522
-8.88786
-8.39292
-7.90249
-7.41854
-6.943
-6.47769
-6.02426
-5.58422
-5.1589
-4.74943
-4.35675
-3.9816
-3.62452
-3.28587
-2.96586
-2.6645
-2.38171
-2.11724
-1.87075
-1.64181
-1.42994
-1.23458
-1.05516
-0.891071
-0.741679
-0.606347
-0.484425
-0.375271
-0.278257
-0.192801
-0.118373
-0.0545222
-0.000859426
0.0430218
0.0776435
0.103714
0.122135
0.133903
0.139906
0.140706
0.136345
0.126568
0.110805
0.0901793
0.0628999
0.0406911
-0.00334621
-17.11
-16.9669
-16.8236
-16.6603
-16.4811
-16.2921
-16.0932
-15.8822
-15.6579
-15.4203
-15.1693
-14.9045
-14.6254
-14.3319
-14.024
-13.7015
-13.3647
-13.0137
-12.649
-12.2709
-11.8803
-11.478
-11.0649
-10.6422
-10.2113
-9.77348
-9.33046
-8.88391
-8.4356
-7.98737
-7.54108
-7.09857
-6.66165
-6.23207
-5.81147
-5.40139
-5.00321
-4.61815
-4.24726
-3.89142
-3.55136
-3.2276
-2.92055
-2.6304
-2.35725
-2.10105
-1.86163
-1.63874
-1.43202
-1.24107
-1.06542
-0.904576
-0.757999
-0.62513
-0.505402
-0.398247
-0.303118
-0.2195
-0.146927
-0.0849678
-0.0331676
0.00902234
0.0422974
0.0675077
0.0855823
0.0973823
0.103532
0.104254
0.0995552
0.0891125
0.0740288
0.0527833
0.0353179
-0.000176788
-15.6128
-15.501
-15.39
-15.2616
-15.1195
-14.9698
-14.812
-14.6443
-14.4655
-14.2756
-14.0743
-13.8612
-13.6359
-13.398
-13.1473
-12.8835
-12.6068
-12.3168
-12.0138
-11.698
-11.3697
-11.0293
-10.6774
-10.3148
-9.94233
-9.5611
-9.17227
-8.77717
-8.3772
-7.97392
-7.56892
-7.16387
-6.76043
-6.36029
-5.96509
-5.57642
-5.19577
-4.82455
-4.46401
-4.11529
-3.77937
-3.4571
-3.14913
-2.85603
-2.57817
-2.31579
-2.06899
-1.83777
-1.62201
-1.42147
-1.2359
-1.06493
-0.908168
-0.765183
-0.635513
-0.518681
-0.414205
-0.321611
-0.240438
-0.170239
-0.110533
-0.06076
-0.0202428
0.0118142
0.0362734
0.0539566
0.0655215
0.0713283
0.0715997
0.0662571
0.0564034
0.0409681
0.0276639
0.000373023
-14.2287
-14.1411
-14.0551
-13.9538
-13.8409
-13.722
-13.5969
-13.4635
-13.3209
-13.1692
-13.008
-12.837
-12.6555
-12.4633
-12.26
-12.0453
-11.819
-11.5809
-11.3309
-11.0689
-10.7951
-10.5095
-10.2126
-9.90469
-9.58633
-9.25821
-8.92116
-8.57612
-8.22417
-7.8665
-7.50442
-7.13931
-6.77262
-6.40587
-6.04056
-5.67822
-5.32035
-4.96838
-4.62368
-4.28753
-3.9611
-3.64543
-3.34147
-3.04998
-2.77164
-2.50694
-2.25626
-2.01984
-1.79778
-1.59008
-1.39666
-1.21736
-1.05194
-0.900134
-0.761601
-0.635983
-0.522889
-0.421907
-0.332616
-0.254578
-0.187313
-0.130267
-0.0827907
-0.0441384
-0.0135048
0.00989886
0.0267567
0.0375473
0.0426748
0.0423047
0.0375324
0.0278034
0.0186157
0.000443485
-12.9613
-12.8926
-12.8259
-12.7458
-12.656
-12.5614
-12.462
-12.3559
-12.2422
-12.1209
-11.9919
-11.8545
-11.7086
-11.5535
-11.389
-11.2147
-11.0304
-10.8357
-10.6304
-10.4143
-10.1874
-9.94958
-9.70096
-9.4417
-9.17206
-8.89244
-8.60335
-8.30541
-7.99937
-7.68611
-7.3666
-7.04195
-6.71331
-6.38196
-6.04922
-5.71644
-5.38502
-5.05634
-4.73177
-4.41262
-4.10016
-3.79559
-3.49995
-3.21428
-2.93939
-2.67607
-2.42487
-2.18631
-1.96071
-1.74828
-1.54917
-1.36341
-1.19095
-1.03169
-0.88544
-0.751978
-0.631024
-0.522263
-0.425331
-0.339832
-0.265316
-0.201257
-0.147041
-0.101967
-0.0652748
-0.0361967
-0.01402
0.00184183
0.0119515
0.0167006
0.0171862
0.0133172
0.00905213
-0.000333943
-11.7859
-11.7319
-11.68
-11.6165
-11.5446
-11.4692
-11.39
-11.3053
-11.2144
-11.1174
-11.014
-10.9038
-10.7865
-10.6615
-10.5287
-10.3876
-10.2379
-10.0793
-9.91143
-9.73411
-9.54711
-9.35029
-9.14356
-8.92691
-8.70042
-8.46426
-8.21869
-7.96407
-7.70087
-7.42968
-7.15118
-6.86617
-6.57555
-6.2803
-5.98152
-5.68035
-5.378
-5.07573
-4.77482
-4.47654
-4.18216
-3.89287
-3.6099
-3.33428
-3.06706
-2.80913
-2.56129
-2.32422
-2.09846
-1.88445
-1.68252
-1.49291
-1.31577
-1.15115
-0.999051
-0.85938
-0.731993
-0.616676
-0.513161
-0.42112
-0.340157
-0.26979
-0.209448
-0.158472
-0.116134
-0.0816807
-0.0543669
-0.0335144
-0.0184302
-0.00853035
-0.00270095
-0.000655652
0.000606145
-0.00100952
-10.7247
-10.682
-10.6414
-10.5907
-10.5331
-10.4727
-10.4094
-10.3416
-10.2689
-10.1911
-10.1082
-10.0197
-9.92539
-9.82474
-9.71753
-9.60333
-9.48194
-9.35289
-9.21597
-9.07084
-8.91726
-8.75499
-8.58385
-8.40372
-8.21454
-8.01632
-7.80914
-7.59315
-7.36861
-7.13585
-6.89532
-6.64754
-6.39316
-6.13292
-5.86764
-5.59827
-5.32578
-5.05126
-4.77583
-4.50065
-4.2269
-3.95579
-3.68842
-3.426
-3.16956
-2.92015
-2.67866
-2.44594
-2.22271
-2.0096
-1.80712
-1.61571
-1.4357
-1.26732
-1.11074
-0.966006
-0.833125
-0.712014
-0.602507
-0.504371
-0.417286
-0.340838
-0.274506
-0.217678
-0.169662
-0.129713
-0.0970627
-0.0709577
-0.0505991
-0.0352465
-0.023752
-0.0155476
-0.00820452
-0.00247648
-9.71707
-9.68316
-9.65149
-9.61087
-9.56442
-9.51589
-9.46516
-9.4109
-9.35258
-9.29018
-9.22359
-9.15248
-9.0765
-8.99542
-8.9089
-8.81668
-8.7184
-8.61374
-8.50241
-8.38408
-8.25848
-8.12535
-7.98447
-7.83564
-7.67872
-7.5136
-7.34026
-7.15869
-6.96899
-6.7713
-6.56587
-6.35302
-6.13315
-5.90678
-5.67449
-5.437
-5.19507
-4.94958
-4.70144
-4.45167
-4.20133
-3.95144
-3.70318
-3.45755
-3.21572
-2.97867
-2.74744
-2.52295
-2.30604
-2.09749
-1.89798
-1.7081
-1.52836
-1.35915
-1.20079
-1.05349
-0.917391
-0.792535
-0.678882
-0.5763
-0.48456
-0.403327
-0.33215
-0.27047
-0.217637
-0.172923
-0.135547
-0.104701
-0.0795013
-0.0590843
-0.0422487
-0.0282194
-0.0148882
-0.00281044
-8.84631
-8.8193
-8.7941
-8.76121
-8.7235
-8.68423
-8.64325
-8.5994
-8.55226
-8.50181
-8.44797
-8.39047
-8.32905
-8.26339
-8.19327
-8.11837
-8.03847
-7.9532
-7.86232
-7.76551
-7.66251
-7.55303
-7.43684
-7.31372
-7.18348
-7.04595
-6.90102
-6.7486
-6.58867
-6.42126
-6.24643
-6.06435
-5.87523
-5.6794
-5.47722
-5.2692
-5.05589
-4.83796
-4.61613
-4.39123
-4.16413
-3.9358
-3.70714
-3.47925
-3.25311
-3.02977
-2.81019
-2.5954
-2.3863
-2.18378
-1.98864
-1.80162
-1.62335
-1.45439
-1.29519
-1.14612
-1.00744
-0.879338
-0.761885
-0.655063
-0.558748
-0.472696
-0.396539
-0.329791
-0.271857
-0.222044
-0.179572
-0.143596
-0.113166
-0.0873118
-0.0647555
-0.0445749
-0.0247525
-0.0058814
-7.94707
-7.92552
-7.90592
-7.87941
-7.84873
-7.81694
-7.78393
-7.74865
-7.71071
-7.67014
-7.62686
-7.58065
-7.53124
-7.47847
-7.42208
-7.36187
-7.29752
-7.22878
-7.15538
-7.07704
-6.9935
-6.9045
-6.80981
-6.70919
-6.60244
-6.48938
-6.36983
-6.24368
-6.11082
-5.97118
-5.82475
-5.67155
-5.51165
-5.34521
-5.17244
-4.99364
-4.80918
-4.61952
-4.42521
-4.22688
-4.02525
-3.82103
-3.61514
-3.40838
-3.20173
-2.99609
-2.79247
-2.59181
-2.39506
-2.20314
-2.01694
-1.83727
-1.66489
-1.50046
-1.34455
-1.19765
-1.06015
-0.932331
-0.814393
-0.706414
-0.608374
-0.52012
-0.441377
-0.371743
-0.31069
-0.257574
-0.211633
-0.172002
-0.137678
-0.1076
-0.0803896
-0.055001
-0.0293924
-0.00533611
-7.28047
-7.26295
-7.24646
-7.22417
-7.19858
-7.17216
-7.14472
-7.11541
-7.08391
-7.05027
-7.01441
-6.97615
-6.9353
-6.89162
-6.84495
-6.79506
-6.74179
-6.68486
-6.62406
-6.55913
-6.48985
-6.41595
-6.33719
-6.25334
-6.16419
-6.06953
-5.96919
-5.86301
-5.75085
-5.63261
-5.50819
-5.37756
-5.24069
-5.09764
-4.94848
-4.79338
-4.63255
-4.46629
-4.29498
-4.11909
-3.93911
-3.75573
-3.56952
-3.38131
-3.19185
-3.00204
-2.81269
-2.62475
-2.43914
-2.25678
-2.07857
-1.9054
-1.73808
-1.57737
-1.42395
-1.2784
-1.14121
-1.01279
-0.893422
-0.783295
-0.682475
-0.590917
-0.508434
-0.434719
-0.369322
-0.31166
-0.261003
-0.216485
-0.177058
-0.141578
-0.108538
-0.076818
-0.0440786
-0.0123325
-6.38511
-6.37169
-6.35993
-6.34271
-6.32242
-6.3016
-6.28013
-6.25718
-6.23247
-6.20604
-6.17785
-6.14779
-6.1156
-6.08124
-6.04451
-6.00532
-5.96339
-5.91858
-5.87068
-5.81947
-5.76473
-5.70626
-5.64383
-5.5772
-5.50616
-5.43051
-5.35004
-5.26459
-5.17398
-5.0781
-4.97681
-4.87004
-4.75771
-4.6398
-4.51629
-4.38726
-4.2528
-4.11306
-3.96828
-3.81874
-3.66486
-3.50698
-3.34574
-3.18161
-3.01533
-2.84751
-2.67899
-2.51054
-2.34301
-2.17726
-2.01417
-1.85463
-1.69947
-1.54948
-1.40541
-1.26792
-1.13758
-1.01485
-0.900127
-0.79366
-0.69561
-0.606
-0.524739
-0.451592
-0.386194
-0.328021
-0.276388
-0.230435
-0.189081
-0.151106
-0.114858
-0.0790863
-0.0413093
-0.00645745
-6.01333
-6.00151
-5.98941
-5.97296
-5.95436
-5.93531
-5.9155
-5.89433
-5.87164
-5.84746
-5.82177
-5.7944
-5.76531
-5.73426
-5.70122
-5.66596
-5.62844
-5.5884
-5.54572
-5.50026
-5.45184
-5.40026
-5.34534
-5.28684
-5.22458
-5.15834
-5.08793
-5.01317
-4.93389
-4.84995
-4.76122
-4.66759
-4.56898
-4.46533
-4.3566
-4.24279
-4.12392
-4.00008
-3.87139
-3.73804
-3.60023
-3.45837
-3.31272
-3.16382
-3.01213
-2.85828
-2.70283
-2.54651
-2.39007
-2.23428
-2.07998
-1.92801
-1.7792
-1.63437
-1.49428
-1.35965
-1.23111
-1.1092
-0.994371
-0.886957
-0.787178
-0.695142
-0.610822
-0.534069
-0.464583
-0.40191
-0.345407
-0.294236
-0.247286
-0.203265
-0.160326
-0.11721
-0.0704909
-0.0240534
-4.9039
-4.8965
-4.89084
-4.8808
-4.86838
-4.85578
-4.84295
-4.82918
-4.81426
-4.79826
-4.78118
-4.76295
-4.74335
-4.72241
-4.69992
-4.67585
-4.64999
-4.62227
-4.59254
-4.56068
-4.52652
-4.48994
-4.45077
-4.40881
-4.36388
-4.31578
-4.26434
-4.20938
-4.15073
-4.08823
-4.02174
-3.95113
-3.8763
-3.79714
-3.71356
-3.62552
-3.53297
-3.43593
-3.33444
-3.22858
-3.11853
-3.00439
-2.88652
-2.76514
-2.64069
-2.51352
-2.3842
-2.25325
-2.12126
-1.98892
-1.85695
-1.72609
-1.59713
-1.47084
-1.34796
-1.22921
-1.11525
-1.00664
-0.903873
-0.807333
-0.717291
-0.633898
-0.557192
-0.48707
-0.423297
-0.365465
-0.312974
-0.264999
-0.220396
-0.177772
-0.135072
-0.0906895
-0.0415773
0.00111253
-5.07998
-5.07022
-5.0581
-5.04268
-5.02627
-5.00969
-4.99248
-4.97419
-4.95482
-4.93441
-4.91291
-4.89014
-4.86615
-4.8407
-4.81385
-4.78539
-4.75535
-4.72349
-4.68977
-4.65408
-4.61632
-4.57635
-4.53405
-4.4893
-4.44196
-4.39188
-4.33893
-4.28296
-4.22384
-4.16142
-4.09557
-4.02618
-3.95313
-3.87633
-3.79567
-3.71111
-3.62258
-3.53008
-3.4336
-3.3332
-3.22893
-3.12101
-3.00949
-2.89473
-2.77693
-2.65648
-2.5337
-2.40905
-2.28305
-2.15623
-2.0292
-1.90262
-1.77717
-1.65356
-1.53247
-1.4146
-1.30059
-1.19102
-1.08639
-0.987129
-0.893547
-0.80585
-0.724122
-0.648327
-0.578282
-0.513648
-0.453869
-0.398156
-0.345327
-0.29392
-0.241496
-0.186594
-0.122797
-0.0537083
-3.31418
-3.31219
-3.31292
-3.31032
-3.30577
-3.30127
-3.29692
-3.29212
-3.28667
-3.28059
-3.27389
-3.26655
-3.2584
-3.24949
-3.23966
-3.22887
-3.21695
-3.20391
-3.18958
-3.17385
-3.15663
-3.13784
-3.11737
-3.09511
-3.07096
-3.0448
-3.01653
-2.986
-2.95308
-2.91762
-2.87949
-2.83855
-2.79465
-2.74769
-2.69754
-2.64413
-2.58736
-2.52718
-2.46357
-2.3965
-2.32604
-2.25215
-2.17507
-2.09483
-2.01169
-1.92583
-1.8376
-1.74728
-1.65525
-1.56195
-1.46787
-1.37352
-1.27945
-1.18624
-1.0945
-1.00481
-0.917756
-0.833877
-0.753657
-0.677504
-0.605736
-0.538573
-0.476126
-0.418382
-0.365199
-0.316259
-0.271048
-0.228767
-0.1882
-0.147657
-0.104384
-0.0555468
0.00142626
0.0413165
-4.55634
-4.5471
-4.53223
-4.51426
-4.49643
-4.47881
-4.46047
-4.44111
-4.42089
-4.39987
-4.37799
-4.35508
-4.33117
-4.30607
-4.27984
-4.25235
-4.22362
-4.19345
-4.16192
-4.12896
-4.09448
-4.05844
-4.02078
-3.98148
-3.94049
-3.89776
-3.85322
-3.80678
-3.75835
-3.70782
-3.65507
-3.59998
-3.54244
-3.48236
-3.41964
-3.35422
-3.28605
-3.21508
-3.14127
-3.06463
-2.98509
-2.90281
-2.81772
-2.73005
-2.63984
-2.54737
-2.45273
-2.35624
-2.25818
-2.15889
-2.05871
-1.95804
-1.85731
-1.75696
-1.65747
-1.55933
-1.46302
-1.36902
-1.27777
-1.18967
-1.10505
-1.02415
-0.94715
-0.874102
-0.804947
-0.739486
-0.677288
-0.617683
-0.55943
-0.500933
-0.438419
-0.370099
-0.277125
-0.15104
-1.42119
-1.42047
-1.42419
-1.42608
-1.42613
-1.42621
-1.4267
-1.42722
-1.42748
-1.42746
-1.42738
-1.42708
-1.4266
-1.42582
-1.42452
-1.4226
-1.42
-1.4169
-1.41293
-1.40811
-1.40253
-1.39617
-1.389
-1.38096
-1.37205
-1.36223
-1.35145
-1.33962
-1.32665
-1.31246
-1.29692
-1.27993
-1.26137
-1.24113
-1.21912
-1.19526
-1.16945
-1.14167
-1.11185
-1.07996
-1.04606
-1.01009
-0.972181
-0.932329
-0.890606
-0.847137
-0.802115
-0.755653
-0.707968
-0.659327
-0.609976
-0.560194
-0.510268
-0.46052
-0.411278
-0.362892
-0.315713
-0.270084
-0.226332
-0.184743
-0.145559
-0.108964
-0.0750671
-0.0438982
-0.015388
0.0106659
0.0346326
0.0571612
0.0793867
0.103372
0.132887
0.174799
0.222502
0.216351
-4.56413
-4.55873
-4.54184
-4.52429
-4.50939
-4.49478
-4.47888
-4.46195
-4.44444
-4.42643
-4.40761
-4.38793
-4.36732
-4.34576
-4.32325
-4.29979
-4.27529
-4.24963
-4.22295
-4.19525
-4.16643
-4.1365
-4.10544
-4.07326
-4.03993
-4.00542
-3.96968
-3.93268
-3.89435
-3.85467
-3.81356
-3.77096
-3.72684
-3.68113
-3.63377
-3.5847
-3.53389
-3.48126
-3.42681
-3.37049
-3.31227
-3.25216
-3.19013
-3.12622
-3.06043
-2.99283
-2.92347
-2.85242
-2.77978
-2.70566
-2.63019
-2.55351
-2.4758
-2.39725
-2.31808
-2.23853
-2.15885
-2.07932
-2.00021
-1.92179
-1.84431
-1.76802
-1.69312
-1.61979
-1.54812
-1.47816
-1.4098
-1.34282
-1.2763
-1.20969
-1.13544
-1.05176
-0.863125
-0.55137
1.15714
2.09112
2.9023
3.58402
4.15237
4.62973
5.03613
5.38769
5.69681
5.9726
6.22172
6.44891
6.65757
6.85003
7.02786
7.19201
7.34304
7.48129
7.60708
7.72082
7.82316
7.91469
7.99434
8.06166
8.11747
8.16288
8.19891
8.22663
8.24718
8.26176
8.27143
8.27724
8.2801
8.28086
8.28019
8.27871
8.27691
8.27522
8.27401
8.27333
8.2739
1.14929
2.06643
2.88637
3.59865
4.20842
4.72294
5.14889
5.49319
5.76285
5.96466
6.10512
6.19052
6.22699
6.22054
6.17715
6.10281
6.0034
5.88461
5.75173
5.60941
5.46156
5.31176
5.16412
5.02169
4.88645
4.75971
4.64221
4.53426
4.43578
4.34643
4.26567
4.1929
4.1274
4.0685
4.01546
3.9677
3.92456
3.8855
3.84998
3.81776
3.78795
1.14034
2.04906
2.8595
3.55234
4.13365
4.61265
4.99956
5.3064
5.54591
5.73052
5.87191
5.98074
6.06637
6.13673
6.19812
6.25516
6.31091
6.36699
6.42397
6.48163
6.53944
6.59635
6.65172
6.70415
6.75248
6.79602
6.83442
6.86755
6.89546
6.91838
6.93666
6.95066
6.96083
6.96757
6.97133
6.97249
6.97141
6.9684
6.96377
6.95762
6.95039
1.13529
2.05118
2.86814
3.56374
4.15156
4.64601
5.06025
5.40745
5.69949
5.94612
6.15493
6.33154
6.47987
6.60247
6.70102
6.77673
6.83081
6.86462
6.87984
6.87832
6.8621
6.83326
6.79551
6.75114
6.70206
6.65007
6.59668
6.543
6.48987
6.43786
6.38729
6.33846
6.29144
6.24632
6.20301
6.1615
6.12169
6.08346
6.04671
6.01138
5.97746
1.1327
2.06799
2.90809
3.6283
4.24685
4.77787
5.23203
5.6194
5.94859
6.22661
6.45929
6.65181
6.809
6.93555
7.03606
7.11494
7.17628
7.22364
7.25997
7.28753
7.30809
7.32263
7.3335
7.34123
7.34589
7.34771
7.34692
7.34369
7.33816
7.33046
7.32083
7.30939
7.29639
7.28194
7.26632
7.24962
7.23206
7.21373
7.19488
7.17538
7.15593
1.13107
2.09411
2.96436
3.7128
4.36061
4.92088
5.4027
5.81546
6.16794
6.4679
6.72243
6.93793
7.1202
7.27413
7.40376
7.51222
7.60194
7.67471
7.73197
7.77484
7.80443
7.82136
7.82869
7.82769
7.81933
7.80474
7.78512
7.76144
7.73449
7.70497
7.67338
7.64027
7.60598
7.57088
7.5352
7.49917
7.46297
7.42668
7.39053
7.35436
7.319
1.13076
2.12864
3.03357
3.81149
4.48797
5.07687
5.58765
6.0304
6.41436
6.74734
7.03593
7.28567
7.50115
7.68612
7.84367
7.9765
8.08703
8.1775
8.24995
8.30622
8.34804
8.37639
8.39493
8.40519
8.40804
8.40457
8.39581
8.38261
8.36562
8.34542
8.3225
8.29728
8.27016
8.24144
8.21149
8.18043
8.1486
8.11612
8.0833
8.0499
8.01712
1.13268
2.17292
3.11891
3.93167
4.64231
5.26591
5.8121
6.29101
6.71138
7.08021
7.40321
7.68527
7.93064
8.14302
8.32567
8.48154
8.61322
8.72299
8.81279
8.88424
8.93884
8.97714
9.00302
9.01816
9.02349
9.02031
9.00991
8.99343
8.97174
8.94569
8.91596
8.88322
8.84798
8.81074
8.77188
8.73176
8.69067
8.64878
8.60649
8.56354
8.52137
1.13752
2.22803
3.22237
4.0764
4.82698
5.49004
6.07507
6.59207
7.04954
7.45415
7.81144
8.12625
8.40284
8.64484
8.85537
9.03716
9.19254
9.32359
9.43209
9.51963
9.58775
9.63687
9.67139
9.69333
9.70381
9.70435
9.69645
9.68143
9.66029
9.634
9.60337
9.56908
9.53179
9.49198
9.45023
9.4068
9.36215
9.31644
9.27018
9.22299
9.17665
1.14591
2.2945
3.34418
4.24517
5.04031
5.74639
6.37299
6.93042
7.42731
7.87031
8.26481
8.61547
8.92627
9.20055
9.44112
9.65048
9.83084
9.98417
10.1122
10.2166
10.2987
10.3589
10.4019
10.43
10.4444
10.447
10.4394
10.4232
10.3996
10.3696
10.3344
10.2947
10.2512
10.2048
10.1558
10.1048
10.0523
9.99836
9.9437
9.88793
9.83303
1.15862
2.37309
3.48497
4.43853
5.28304
6.03637
6.70845
7.31005
7.85
8.3348
8.76963
9.15884
9.5062
9.81479
10.0873
10.3259
10.5329
10.7101
10.8591
10.9815
11.0787
11.1506
11.2025
11.237
11.2557
11.2604
11.2532
11.2359
11.2099
11.1765
11.1368
11.0918
11.0424
10.9895
10.9336
10.8752
10.815
10.7532
10.6905
10.6264
10.5633
1.17663
2.46507
3.6464
4.65865
5.55798
6.36352
7.08555
7.73543
8.3221
8.85203
9.33017
9.76073
10.1473
10.4928
10.7996
11.0699
11.3057
11.5086
11.6803
11.822
11.9353
12.0196
12.0807
12.1216
12.1441
12.1505
12.1429
12.1234
12.0936
12.0552
12.0093
11.9573
11.9001
11.8386
11.7736
11.7058
11.6357
11.5637
11.4906
11.4161
11.3425
1.20115
2.57215
3.8307
4.90823
5.86831
6.73132
7.50807
8.21051
8.84787
9.42663
9.95162
10.4269
10.8559
11.2414
11.5854
11.8901
12.157
12.3879
12.584
12.7466
12.8771
12.9745
13.0451
13.0925
13.1186
13.1259
13.1171
13.0944
13.0599
13.0152
12.9619
12.9015
12.835
12.7635
12.6881
12.6093
12.528
12.4444
12.3596
12.2732
12.1879
1.23365
2.69638
4.04049
5.19034
6.21749
7.14369
7.98036
8.74018
9.43282
10.0647
10.6407
11.1646
11.6398
12.0687
12.4533
12.7952
13.0961
13.3572
13.5798
13.7649
13.9139
14.0252
14.1057
14.1593
14.1884
14.1959
14.1847
14.1576
14.1167
14.0641
14.0015
13.9307
13.8528
13.7694
13.6812
13.5893
13.4944
13.3971
13.2983
13.1979
13.0986
1.2759
2.84027
4.27891
5.50872
6.60984
7.60555
8.50798
9.33069
10.0837
10.7737
11.4054
11.9824
12.5079
12.9842
13.413
13.7957
14.1335
14.4276
14.679
14.8884
15.057
15.1829
15.2733
15.3328
15.3642
15.3707
15.3557
15.3223
15.273
15.2104
15.1363
15.0527
14.9611
14.8631
14.7598
14.6523
14.5415
14.428
14.313
14.1962
14.0808
1.33008
3.00687
4.54984
5.86798
7.05071
8.12299
9.09772
9.98947
10.8088
11.5625
12.255
12.8902
13.4709
13.9992
14.4763
14.9036
15.2818
15.6119
15.8944
16.1301
16.3197
16.4606
16.5608
16.6255
16.6579
16.6617
16.6409
16.599
16.539
16.4635
16.3751
16.2758
16.1676
16.0519
15.9304
15.8043
15.6746
15.5419
15.4077
15.2717
15.1374
1.39885
3.19997
4.85807
6.27377
7.54663
8.70333
9.75775
10.7255
11.6178
12.4414
13.2011
13.9001
14.5415
15.1269
15.6573
16.1334
16.5559
16.9251
17.2415
17.5052
17.7168
17.8731
17.9824
18.0511
18.0827
18.0816
18.0522
17.9988
17.9247
17.833
17.7267
17.6081
17.4795
17.3427
17.1994
17.051
16.8988
16.7435
16.5867
16.4283
16.2718
1.48552
3.42418
5.20938
6.73299
8.10546
9.3555
10.4979
11.5496
12.5224
13.4234
14.257
15.0267
15.7351
16.3835
16.9724
17.5023
17.9732
18.3851
18.738
19.0316
19.2661
19.4374
19.5547
19.6253
19.6535
19.6443
19.6028
19.5339
19.4415
19.3293
19.2005
19.0582
18.9046
18.7421
18.5725
18.3975
18.2185
18.0364
17.8529
17.668
17.4855
1.59415
3.68519
5.61092
7.25401
8.7369
10.0903
11.3303
12.4751
13.5372
14.5239
15.4396
16.2875
17.0701
17.7881
18.4418
19.0309
19.5549
20.0131
20.4051
20.73
20.9877
21.1731
21.2963
21.3657
21.3866
21.3648
21.3064
21.2167
21.1007
20.9623
20.8056
20.6337
20.4496
20.2558
20.0545
19.8476
19.6367
19.4228
19.2077
18.9918
18.7787
1.72988
3.99006
6.07144
7.84718
9.45275
10.9211
12.2696
13.518
14.6795
15.7617
16.7688
17.7039
18.569
19.3645
20.0898
20.7441
21.326
21.8344
22.2679
22.6251
22.9053
23.1025
23.228
23.2916
23.2998
23.2593
23.1773
23.0601
22.9132
22.7417
22.5497
22.3413
22.1197
21.8878
21.6481
21.4029
21.1539
20.9023
20.65
20.3975
20.1487
1.89906
4.34757
6.60182
8.52532
10.2677
11.8644
13.3341
14.6983
15.9712
17.1603
18.2698
19.3023
20.2596
21.1413
21.9461
22.6721
23.3172
23.8792
24.3561
24.7455
25.0461
25.2511
25.3731
25.424
25.4116
25.3439
25.2294
25.0754
24.8885
24.6745
24.4384
24.1847
23.917
23.6388
23.353
23.0619
22.7677
22.4714
22.1754
21.8803
21.5898
2.10986
4.76876
7.21575
9.30443
11.2001
12.9407
14.5467
16.0412
17.4393
18.7488
19.9736
21.1156
22.1763
23.1543
24.0472
24.852
25.5655
26.1842
26.705
27.1248
27.4414
27.6472
27.757
27.7849
27.7408
27.6343
27.4753
27.2726
27.0338
26.7656
26.4741
26.1642
25.8402
25.5059
25.1644
24.8187
24.4709
24.1222
23.775
23.4301
23.0914
2.3726
5.26769
7.93043
10.2048
12.273
14.1761
15.9361
17.5781
19.1182
20.5643
21.9194
23.1853
24.3624
25.4483
26.4389
27.3298
28.1163
28.7935
29.3569
29.8023
30.1267
30.3223
30.4064
30.3967
30.3053
30.1441
29.9247
29.6574
29.3516
29.0148
28.654
28.2749
27.8823
27.4803
27.0726
26.6621
26.2514
25.8416
25.4351
25.0331
24.6391
2.70067
5.86241
8.76797
11.2523
13.5163
15.6039
17.5392
19.3496
21.0518
22.6538
24.1578
25.5644
26.8731
28.0798
29.1784
30.1626
31.0255
31.7605
32.3615
32.8231
33.1414
33.3092
33.348
33.2795
33.1193
32.8817
32.5808
32.229
31.8368
31.4135
30.9667
30.5029
30.0273
29.5444
29.0582
28.5719
28.088
27.6076
27.133
26.6658
26.2091
3.11155
6.57633
9.75712
12.4806
14.9683
17.2674
19.4044
21.4084
23.2976
25.079
26.754
28.3215
29.7796
31.1214
32.3386
33.4219
34.3619
35.1496
35.7772
36.2379
36.5276
36.6407
36.6052
36.4482
36.1896
35.8471
35.4375
34.9756
34.4739
33.9425
33.3902
32.8241
32.2496
31.6716
31.0939
30.5202
29.9529
29.3925
28.8414
28.3013
27.775
3.62834
7.4405
10.9357
13.9341
16.6802
19.2242
21.5952
23.8247
25.9314
27.9216
29.7945
31.5471
33.1747
34.6672
36.0126
37.1977
38.21
39.0375
39.6705
40.1014
40.3263
40.3443
40.1927
39.9058
39.5091
39.0245
38.4721
37.8691
37.2296
36.5654
35.8854
35.1976
34.5074
33.8192
33.1372
32.4646
31.8037
31.1544
30.5189
29.8987
29.2964
4.28207
8.49664
12.3548
15.6729
18.7207
21.552
24.1982
26.6934
29.0564
31.292
33.3962
35.3624
37.1823
38.8408
40.3206
41.6035
42.6728
43.5135
44.1142
44.4676
44.572
44.4351
44.1086
43.6357
43.0493
42.3759
41.6391
40.8586
40.0503
39.2262
38.3962
37.5677
36.7456
35.934
35.1364
34.3557
33.5937
32.8492
32.1239
31.4194
30.7372
5.11521
9.80204
14.0845
17.7796
21.1851
24.3582
27.3332
30.1462
32.8156
35.3429
37.7192
39.9325
41.9684
43.8048
45.4166
46.7795
47.8716
48.6752
49.179
49.3785
49.2774
48.8998
48.3179
47.5861
46.7452
45.827
44.8582
43.8605
42.8505
41.84
40.8384
39.852
38.8847
37.9391
37.018
36.1232
35.2554
34.4122
33.5944
32.8033
32.0397
6.18713
11.4373
16.2239
20.3713
24.209
27.7968
31.1719
34.372
37.4132
40.2916
42.9901
45.4877
47.7608
49.7763
51.4991
52.8969
53.9431
54.6198
54.9195
54.8463
54.4157
53.6788
52.7369
51.6564
50.4861
49.2619
48.0124
46.7596
45.5191
44.3013
43.1132
41.9594
40.8412
39.7592
38.7142
37.7067
36.736
35.7976
34.8913
34.0178
33.177
7.58174
13.5186
18.9175
23.6192
27.9913
32.094
35.9669
39.648
43.1481
46.4533
49.5326
52.3503
54.868
57.0369
58.8093
60.1446
61.0155
61.4102
61.3343
60.8106
59.8766
58.6259
57.1975
55.6671
54.0888
52.4995
50.9263
49.389
47.8989
46.463
45.0842
43.7631
42.4977
41.2851
40.124
39.0124
37.9477
36.9231
35.9369
34.989
34.0785
9.42645
16.2165
22.3826
27.7867
32.8397
37.6002
42.1099
46.4032
50.4797
54.3064
57.8281
60.985
63.7157
65.9505
67.6284
68.7071
69.1697
69.0262
68.3134
67.0893
65.4276
63.4821
61.4338
59.3588
57.3085
55.3143
53.3974
51.569
49.8339
48.1915
46.6385
45.1702
43.7793
42.4592
41.2049
40.012
38.8751
37.7853
36.7387
35.7345
34.77
11.886
19.7625
26.9173
33.236
39.18
44.8021
50.1433
55.2264
60.026
64.4733
68.4711
71.9212
74.7297
76.8061
78.0868
78.5489
78.2143
77.1459
75.4389
73.2086
70.5765
67.7686
64.9999
62.3264
59.7831
57.3866
55.1437
53.0528
51.1065
49.2944
47.6049
46.0264
44.5462
43.1528
41.838
40.5943
39.4139
38.2853
37.2026
36.1637
35.1649
15.1049
24.3192
32.7259
40.2094
47.3009
54.0309
60.4315
66.4953
72.1451
77.2469
81.6354
85.1596
87.6957
89.1537
89.5077
88.8044
87.1557
84.7192
81.6756
78.207
74.4782
70.7751
67.3154
64.1065
61.1509
58.4407
55.9634
53.6989
51.626
49.7224
47.9683
46.3453
44.8354
43.4231
42.0974
40.8484
39.6661
38.5367
37.4528
36.4105
35.4042
19.0809
29.8943
39.8092
48.7146
57.2138
65.296
72.9654
80.147
86.6673
92.2858
96.7462
99.8534
101.493
101.644
100.398
97.9452
94.5389
90.455
85.9553
81.2634
76.5507
72.1191
68.1474
64.5738
61.3601
58.474
55.8818
53.5477
51.4361
49.5158
47.7599
46.1457
44.6516
43.2601
41.9585
40.7359
39.5815
38.4801
37.4227
36.4031
35.4147
23.8325
36.5907
48.3626
59.033
69.2713
79.0002
88.1473
96.5019
103.727
109.437
113.298
115.145
114.985
112.991
109.478
104.838
99.4781
93.7613
87.9759
82.3258
76.9344
72.067
67.8325
64.0999
60.7981
57.8773
55.2892
52.9833
50.9138
49.0428
47.3395
45.7785
44.337
42.9969
41.7459
40.5735
39.469
38.417
37.4077
36.4323
35.4805
29.3836
44.5259
58.6168
71.5037
83.8924
95.592
106.348
115.708
123.105
128.02
130.166
129.594
126.624
121.761
115.6
108.716
101.594
94.5903
87.9314
81.733
76.0275
71.0085
66.7148
62.9692
59.6879
56.8169
54.2979
52.0696
50.0785
48.2838
46.653
45.1601
43.7821
42.5024
41.3096
40.1957
39.1515
38.1627
37.2187
36.3085
35.4177
35.7657
53.871
70.8852
86.5787
101.595
115.522
127.764
137.5
143.934
146.602
145.567
141.387
134.868
126.889
118.24
109.543
101.218
93.501
86.4829
80.1588
74.4633
69.5205
65.3155
61.659
58.4785
55.724
53.3281
51.2174
49.334
47.6366
46.0924
44.6754
43.364
42.1438
41.007
39.9483
38.9618
38.0364
37.1631
36.3295
35.5134
42.9657
64.8012
85.5243
104.764
122.887
139.038
152.09
160.802
164.411
162.973
157.358
148.857
138.741
128.078
117.631
107.872
99.0256
91.1468
84.1813
78.0178
72.5174
67.7459
63.6696
60.1207
57.0583
54.438
52.1763
50.1882
48.4146
46.8155
45.358
44.0163
42.7709
41.6098
40.5282
39.5247
38.5981
37.7427
36.952
36.2155
35.5024
50.906
77.508
102.967
126.6
148.109
165.857
178.094
183.45
181.904
174.728
163.908
151.35
138.449
126.116
114.843
104.824
96.0577
88.4341
81.794
75.9609
70.754
66.2079
62.2787
58.8515
55.9297
53.464
51.345
49.4782
47.8083
46.2975
44.913
43.6304
42.4324
41.3107
40.2637
39.2946
38.4077
37.6046
36.8855
36.2474
35.6494
59.4284
92.224
123.779
152.606
177.125
194.68
203.26
202.329
193.661
180.199
164.799
149.393
134.997
122.085
110.787
101.037
92.6678
85.4741
79.2477
73.7836
68.8784
64.5248
60.7049
57.381
54.6038
52.2987
50.3231
48.5785
47.0162
45.5992
44.2936
43.0763
41.9328
40.8567
39.8489
38.9175
38.0721
37.3248
36.6809
36.1578
35.6956
68.2501
109.255
148.599
182.921
208.726
222.764
224.058
214.437
198.2
179.572
161.356
144.781
130.177
117.558
106.776
97.607
89.8004
83.115
77.3289
72.2275
67.5947
63.4067
59.6553
56.4139
53.7717
51.6054
49.7405
48.0839
46.5965
45.2404
43.9817
42.8002
41.6827
40.6253
39.6309
38.712
37.8831
37.1668
36.5745
36.1589
35.8298
76.8991
129.049
177.989
216.696
240.087
246.122
237.014
218.157
195.872
174.318
155.198
138.711
124.6
112.616
102.49
93.9387
86.6891
80.4957
75.1391
70.399
66.0443
61.9926
58.2991
55.1645
52.692
50.6875
48.9514
47.4025
46.0094
44.7308
43.5347
42.4033
41.3251
40.2978
39.3251
38.4253
37.6155
36.9309
36.3833
36.0807
35.8719
84.6527
152.4
212.01
251.457
266.987
261.03
240.725
214.7
189.4
167.416
148.923
133.318
120.092
108.92
99.5058
91.5531
84.7948
78.9989
73.9604
69.4621
65.2637
61.2577
57.5345
54.4522
52.096
50.1902
48.5253
47.0357
45.6953
44.457
43.2919
42.1837
41.1207
40.1028
39.1331
38.2355
37.4274
36.7559
36.23
36.0256
35.9047
90.7912
180.3
249.049
282.721
284.934
265.503
235.998
206.172
180.48
159.356
141.884
127.209
114.83
104.441
95.7324
88.4051
82.1936
76.8716
72.2406
68.0778
64.1256
60.2068
56.5106
53.5536
51.365
49.5874
48.0174
46.6063
45.3339
44.1467
43.0227
41.9458
40.905
39.9022
38.939
38.0463
37.2395
36.5776
36.0626
35.9438
35.8567
94.2488
213.659
285.462
305.9
292.213
261.417
227.239
197.421
173.385
153.889
137.64
123.871
112.199
102.359
94.0674
87.0538
81.0812
75.9475
71.4717
67.4294
63.5452
59.5864
55.8219
52.9327
50.8541
49.1552
47.646
46.2868
45.0605
43.9054
42.809
41.7521
40.7247
39.7308
38.7684
37.8773
37.0664
36.4086
35.8953
35.8411
35.7204
96.5482
251.289
315.621
317.413
288.978
250.488
214.856
186.365
164.052
145.972
130.909
118.244
107.595
98.6592
91.1365
84.7606
79.3063
74.588
70.4437
66.6524
62.9293
58.9835
55.1982
52.4115
50.4419
48.8116
47.3575
46.0452
44.8602
43.7318
42.6588
41.6174
40.5998
39.6109
38.6469
37.7536
36.9362
36.2754
35.7591
35.7518
35.5321
90.4388
288.691
335.906
318.87
281.184
241.526
208.246
182.14
161.268
143.894
129.172
116.682
106.159
97.3363
89.9285
83.6754
78.3494
73.7622
69.7492
66.0733
62.4221
58.4434
54.6334
51.9593
50.0948
48.5231
47.1136
45.8383
44.6865
43.5785
42.5255
41.4972
40.489
39.5056
38.5421
37.6493
36.8283
36.1658
35.6465
35.6845
35.4583
95.4557
321.135
343.167
310.445
264.288
224.185
193.479
169.98
151.205
135.625
122.542
111.501
102.153
94.2484
87.548
81.8385
76.9303
72.6662
68.9075
65.4242
61.8934
57.8998
54.0584
51.4713
49.7063
48.2023
46.8454
45.6117
44.4959
43.411
42.379
41.3647
40.3665
39.3886
38.4258
37.5316
36.7057
36.0374
35.5119
35.5524
35.6901
8.27334
8.26392
8.23728
8.20863
8.18358
8.15915
8.133
8.10536
8.07697
8.04791
8.01802
7.98723
7.95557
7.92306
7.88972
7.85551
7.82045
7.78451
7.74776
7.7101
7.67156
7.63213
7.59178
7.55047
7.5082
7.46493
7.42063
7.37527
7.3288
7.28117
7.23234
7.18223
7.13077
7.0779
7.02352
6.96755
6.90987
6.85038
6.78893
6.7254
6.65961
6.59142
6.52062
6.44706
6.37054
6.29087
6.20785
6.12134
6.03111
5.93701
5.83889
5.73663
5.63009
5.51919
5.40382
5.28392
5.15941
5.03024
4.89632
4.75756
4.61381
4.46485
4.31036
4.14984
3.98254
3.8073
3.62237
3.42503
3.21028
2.97102
2.68614
2.3311
1.74845
0.872882
3.76773
3.76232
3.76496
3.76693
3.76624
3.76482
3.76369
3.76256
3.76103
3.75909
3.75679
3.75416
3.75115
3.74775
3.74394
3.7397
3.73497
3.72971
3.72391
3.71746
3.71031
3.70241
3.69373
3.6842
3.67376
3.66232
3.64984
3.63624
3.62146
3.60543
3.58807
3.56934
3.54916
3.52746
3.50419
3.47929
3.4527
3.42437
3.39424
3.36227
3.32838
3.29252
3.25463
3.21464
3.17254
3.12826
3.08183
3.03319
2.98238
2.92941
2.87434
2.81722
2.75813
2.69715
2.63436
2.56984
2.50365
2.43582
2.36632
2.29508
2.22191
2.14649
2.06833
1.98671
1.90053
1.80825
1.70749
1.59486
1.4643
1.30806
1.10516
0.84487
0.443199
0.119924
6.94207
6.93892
6.93041
6.91939
6.90859
6.89785
6.88628
6.87368
6.86017
6.84579
6.83046
6.81408
6.79659
6.77789
6.758
6.73678
6.71424
6.6902
6.66467
6.63749
6.60858
6.57785
6.5452
6.51048
6.47359
6.43439
6.39276
6.34857
6.30167
6.25195
6.19926
6.14347
6.08447
6.02212
5.95632
5.88695
5.81392
5.73712
5.65646
5.57186
5.48323
5.39051
5.29364
5.19262
5.08739
4.97801
4.86449
4.74694
4.62545
4.50016
4.37127
4.23898
4.10355
3.96525
3.82436
3.68118
3.536
3.38908
3.24064
3.09084
2.93974
2.78725
2.63312
2.47683
2.31751
2.15381
1.98361
1.80385
1.60932
1.39385
1.14325
0.854499
0.487347
0.151833
5.95336
5.94692
5.94249
5.93565
5.92726
5.9188
5.91034
5.90147
5.89203
5.88206
5.87156
5.86051
5.84881
5.83648
5.82338
5.80954
5.79485
5.77933
5.76284
5.74539
5.72688
5.7072
5.68625
5.66392
5.64011
5.61468
5.58749
5.55841
5.52729
5.49399
5.45834
5.4202
5.37942
5.33583
5.2893
5.23966
5.18678
5.1305
5.07069
5.00721
4.93995
4.86878
4.79365
4.71444
4.63117
4.54381
4.45242
4.35702
4.25776
4.15474
4.04813
3.93813
3.82494
3.70881
3.58998
3.46868
3.34512
3.21948
3.09185
2.96226
2.83062
2.69666
2.55993
2.41973
2.27494
2.12403
1.96471
1.79389
1.60676
1.3979
1.15581
0.878019
0.524973
0.182823
7.13929
7.13542
7.13043
7.12272
7.11405
7.10531
7.09613
7.08612
7.07521
7.06342
7.0507
7.03694
7.02204
7.00589
6.98849
6.96967
6.94941
6.92751
6.90396
6.87857
6.8512
6.82173
6.79
6.75585
6.71909
6.67956
6.63707
6.59146
6.54254
6.49012
6.43404
6.37411
6.31015
6.24199
6.16947
6.09243
6.01072
5.92421
5.83281
5.73641
5.63498
5.52849
5.41697
5.3005
5.17916
5.05314
4.92261
4.78786
4.64916
4.50687
4.36135
4.21302
4.06233
3.9097
3.75558
3.60041
3.44457
3.28837
3.13208
2.97583
2.81959
2.66321
2.50625
2.34802
2.18743
2.02292
1.85226
1.67251
1.47923
1.26767
1.02771
0.758925
0.426552
0.135895
7.29186
7.28548
7.28015
7.27147
7.26108
7.25061
7.23994
7.22852
7.2162
7.20302
7.18896
7.17395
7.15787
7.14068
7.12224
7.10252
7.08136
7.05874
7.03446
7.00845
6.98056
6.95061
6.91843
6.88386
6.84671
6.80681
6.76398
6.71802
6.66875
6.61596
6.55946
6.49902
6.43445
6.36553
6.29206
6.21384
6.13068
6.04243
5.94896
5.85015
5.74595
5.63633
5.52133
5.40097
5.27543
5.14485
5.00947
4.86956
4.72546
4.57754
4.42621
4.2719
4.11507
3.95619
3.79572
3.63408
3.47167
3.30881
3.14575
2.98262
2.81942
2.65597
2.49185
2.3264
2.15858
1.98694
1.80941
1.62335
1.42484
1.21
0.97026
0.707457
0.391922
0.124594
7.99039
7.98455
7.97922
7.97015
7.95927
7.94819
7.93671
7.92422
7.91057
7.8958
7.87988
7.86268
7.8441
7.82395
7.80225
7.77878
7.75351
7.72617
7.6967
7.66486
7.63047
7.59335
7.55328
7.51008
7.46353
7.41342
7.35956
7.30172
7.23968
7.17324
7.10216
7.02622
6.94521
6.8589
6.76713
6.6697
6.56648
6.45736
6.34227
6.22118
6.09416
5.96126
5.82266
5.67858
5.52925
5.37504
5.21628
5.05345
4.88703
4.71753
4.54549
4.37149
4.19608
4.01982
3.84323
3.66678
3.4909
3.3159
3.14202
2.96934
2.79781
2.62718
2.45696
2.28641
2.11442
1.93951
1.75964
1.57231
1.3739
1.16109
0.92633
0.67266
0.371866
0.120942
8.48769
8.48012
8.47383
8.4631
8.45001
8.43666
8.42286
8.40793
8.39165
8.37408
8.35519
8.33486
8.31293
8.28937
8.26393
8.23658
8.20701
8.17521
8.14083
8.10378
8.06385
8.0208
7.97443
7.92451
7.87085
7.81319
7.75131
7.68497
7.61394
7.53796
7.4568
7.3702
7.27795
7.17983
7.07565
6.96526
6.84855
6.72542
6.59588
6.45994
6.31771
6.16936
6.01513
5.8553
5.69025
5.52039
5.34621
5.16823
4.98704
4.80325
4.61746
4.4303
4.24239
4.05433
3.86667
3.6799
3.49445
3.31066
3.12874
2.94877
2.77069
2.59424
2.41891
2.24396
2.0683
1.89049
1.70861
1.52032
1.32233
1.11184
0.881924
0.636598
0.34798
0.114169
9.13905
9.13036
9.12307
9.11073
9.09562
9.0801
9.06398
9.04649
9.02734
9.00662
8.98429
8.96018
8.93414
8.90593
8.87549
8.84254
8.807
8.76854
8.72702
8.6822
8.63385
8.58173
8.52562
8.46526
8.40042
8.33082
8.25622
8.17635
8.09095
7.99977
7.90258
7.79912
7.68921
7.57266
7.44936
7.31919
7.18214
7.03821
6.8875
6.73015
6.5664
6.39655
6.22096
6.0401
5.85445
5.6646
5.47112
5.2747
5.07602
4.87576
4.67461
4.47323
4.27229
4.07238
3.87404
3.67775
3.48391
3.29277
3.1045
2.91911
2.73644
2.55617
2.37773
2.20032
2.02282
1.84379
1.66139
1.47343
1.27687
1.06932
0.844311
0.606751
0.328567
0.109815
9.78862
9.77765
9.76853
9.75355
9.73528
9.71642
9.69685
9.67561
9.65244
9.62736
9.60034
9.57119
9.5397
9.5057
9.46893
9.42923
9.38631
9.34001
9.28998
9.23607
9.17804
9.11559
9.04847
8.9764
8.89913
8.81635
8.72781
8.63321
8.53231
8.42483
8.31058
8.18932
8.06093
7.92526
7.78228
7.63195
7.47435
7.3096
7.13791
6.95954
6.77487
6.58433
6.38842
6.18773
5.98289
5.77457
5.56352
5.35045
5.13615
4.92137
4.70682
4.49321
4.28118
4.07135
3.86423
3.66027
3.4598
3.26304
3.07008
2.88085
2.69514
2.51252
2.3324
2.1539
1.97588
1.79693
1.61525
1.42879
1.2347
1.03093
0.811285
0.581485
0.312636
0.107395
10.5121
10.4985
10.4869
10.4687
10.4467
10.4238
10.4001
10.3743
10.3461
10.3156
10.2828
10.2473
10.2089
10.1675
10.1227
10.0744
10.0222
9.96596
9.90529
9.83995
9.76966
9.69413
9.61307
9.52619
9.4332
9.3338
9.22773
9.1147
8.99449
8.86686
8.73165
8.58872
8.43799
8.27944
8.11311
7.93911
7.75766
7.569
7.37352
7.17163
6.96387
6.75081
6.53312
6.31154
6.08679
5.8597
5.63104
5.40167
5.17238
4.94395
4.71712
4.49258
4.27094
4.05278
3.83856
3.62865
3.42329
3.22263
3.02664
2.83518
2.64791
2.46434
2.2838
2.10538
1.92793
1.75002
1.56992
1.3857
1.19469
0.995126
0.780983
0.558728
0.298307
0.105525
11.2829
11.2656
11.2508
11.2284
11.2015
11.1735
11.1443
11.1126
11.0781
11.0407
11.0004
10.957
10.91
10.8592
10.8044
10.7453
10.6816
10.613
10.5392
10.4598
10.3746
10.2833
10.1855
10.0809
9.9693
9.85032
9.72374
9.58932
9.44688
9.29624
9.13732
8.97007
8.79453
8.61077
8.41902
8.2195
8.01259
7.79872
7.57843
7.35231
7.12105
6.8854
6.64615
6.40416
6.16029
5.9154
5.67038
5.42608
5.18333
4.94291
4.70553
4.47185
4.24244
4.01779
3.79829
3.5842
3.3757
3.17278
2.97533
2.78309
2.59562
2.41235
2.23255
2.05526
1.87931
1.70329
1.52552
1.34418
1.15673
0.961689
0.753106
0.538139
0.285479
0.104017
12.1187
12.0969
12.0778
12.05
12.017
11.9825
11.9464
11.9073
11.8647
11.8186
11.769
11.7154
11.6576
11.5952
11.5279
11.4555
11.3775
11.2937
11.2037
11.1071
11.0037
10.893
10.7749
10.649
10.5151
10.3728
10.2219
10.0624
9.89411
9.71691
9.53088
9.33606
9.13267
8.92093
8.70121
8.47395
8.23971
7.99908
7.75281
7.50164
7.24645
6.98812
6.72757
6.46577
6.20364
5.9421
5.68206
5.42438
5.16986
4.91925
4.67321
4.4323
4.19704
3.9678
3.74487
3.5284
3.31842
3.11481
2.91734
2.72563
2.53915
2.35727
2.17918
2.0039
1.83025
1.65682
1.48198
1.30401
1.12051
0.930237
0.727263
0.519377
0.274002
0.102812
13.0182
12.9905
12.9657
12.931
12.8901
12.8473
12.8024
12.7539
12.7011
12.6441
12.5827
12.5165
12.4451
12.3682
12.2855
12.1965
12.101
11.9986
11.8888
11.7714
11.646
11.5124
11.3702
11.2191
11.059
10.8896
10.7108
10.5226
10.325
10.1179
9.9017
9.67651
9.44273
9.20079
8.95126
8.69476
8.43205
8.16393
7.89132
7.61514
7.33639
7.05609
6.77525
6.49491
6.21602
5.93954
5.66633
5.39721
5.13296
4.87423
4.62159
4.37553
4.13641
3.90452
3.67999
3.46283
3.25295
3.05009
2.85389
2.66386
2.4794
2.29982
2.12426
1.95173
1.78101
1.61074
1.4393
1.26508
1.08582
0.900481
0.703118
0.502102
0.263588
0.101785
13.9872
13.9519
13.9196
13.8761
13.8254
13.7721
13.7161
13.6556
13.59
13.5192
13.443
13.3611
13.2729
13.1781
13.0763
12.9671
12.8503
12.7253
12.5918
12.4494
12.298
12.1371
11.9666
11.7861
11.5957
11.3952
11.1845
10.9639
10.7333
10.4932
10.2438
9.98558
9.71914
9.4451
9.16428
8.87749
8.58569
8.28989
7.99114
7.69053
7.38917
7.08816
6.78857
6.49144
6.19776
5.9084
5.6242
5.34589
5.07415
4.80954
4.5525
4.30339
4.06244
3.82977
3.60538
3.38914
3.18077
2.97992
2.78611
2.59875
2.41721
2.2407
2.06837
1.89918
1.73194
1.56525
1.39757
1.22738
1.05254
0.872214
0.680415
0.486057
0.254027
0.100916
15.0283
14.9833
14.9412
14.8865
14.8233
14.7569
14.6869
14.6114
14.5297
14.4417
14.3472
14.2457
14.1368
14.0201
13.8951
13.7615
13.6188
13.4667
13.305
13.1331
12.951
12.7583
12.5549
12.3406
12.1156
11.8799
11.6335
11.3768
11.1101
10.8339
10.5488
10.2554
9.95465
9.64731
9.33444
9.01707
8.69635
8.37344
8.04955
7.72585
7.40353
7.08371
6.76749
6.45586
6.14975
5.84998
5.55726
5.27222
4.99541
4.72724
4.46803
4.21796
3.97712
3.74545
3.52281
3.30888
3.1033
2.90555
2.71508
2.53125
2.35333
2.18056
2.01202
1.84667
1.6833
1.52054
1.35689
1.19092
1.02061
0.845341
0.659038
0.471128
0.245209
0.100194
16.1445
16.0871
16.0325
15.9635
15.8848
15.8017
15.7142
15.6199
15.5182
15.409
15.2919
15.1666
15.0324
14.8891
14.7361
14.5731
14.3997
14.2155
14.0204
13.8139
13.596
13.3666
13.1256
12.8731
12.6091
12.3341
12.0483
11.7522
11.4465
11.1318
10.809
10.479
10.143
9.80189
9.45702
9.10961
8.76095
8.41232
8.06502
7.72027
7.37929
7.04316
6.71292
6.38949
6.07369
5.76621
5.46764
5.17845
4.89904
4.62965
4.37043
4.12139
3.88246
3.65342
3.43393
3.22357
3.02182
2.8281
2.64177
2.46215
2.2885
2.11999
1.95571
1.79458
1.63541
1.47682
1.31735
1.15569
0.989964
0.819716
0.6388
0.457132
0.236997
0.0996152
17.3366
17.2635
17.1927
17.1058
17.0075
16.9038
16.7944
16.677
16.5506
16.4153
16.2707
16.1163
15.9517
15.7763
15.5899
15.392
15.1823
14.9606
14.7267
14.4803
14.2216
13.9504
13.6671
13.3717
13.0648
12.7468
12.4184
12.0802
11.7332
11.3784
11.0168
10.6496
10.2783
9.90393
9.52809
9.15209
8.77736
8.40524
8.03705
7.674
7.31725
6.96781
6.62659
6.29439
5.97186
5.65956
5.35789
5.06715
4.78757
4.5192
4.262
4.01585
3.78043
3.55541
3.34031
3.13455
2.93754
2.74861
2.56709
2.39225
2.22334
2.05953
1.89987
1.74328
1.5885
1.43422
1.27903
1.12172
0.960556
0.795288
0.619642
0.444018
0.229341
0.0991492
18.6042
18.5112
18.4199
18.3105
18.188
18.0588
17.9224
17.7765
17.6201
17.4531
17.2752
17.086
16.885
16.6717
16.4458
16.207
15.9551
15.6899
15.4114
15.1197
14.8148
14.497
14.1668
13.8247
13.4712
13.1071
12.7335
12.3513
11.9617
11.566
11.1655
10.7617
10.356
9.94999
9.54517
9.143
8.74494
8.35233
7.96644
7.58841
7.21927
6.85988
6.51101
6.17324
5.8471
5.53287
5.23083
4.94108
4.66361
4.39833
4.14502
3.90333
3.67287
3.45308
3.24338
3.0431
2.85155
2.66803
2.49182
2.32222
2.15847
1.9997
1.84494
1.69306
1.54283
1.39293
1.24201
1.089
0.932321
0.771919
0.601395
0.431619
0.222127
0.0987881
19.9439
19.826
19.7088
19.5714
19.4191
19.2586
19.0893
18.9087
18.7159
18.5108
18.2932
18.0626
17.8185
17.5606
17.2887
17.0026
16.7024
16.3878
16.0592
15.7168
15.3609
14.9922
14.6112
14.2188
13.8159
13.4038
12.9835
12.5564
12.1241
11.6879
11.2496
10.8108
10.373
9.93794
9.50716
9.08214
8.66429
8.25489
7.85508
7.46585
7.08804
6.72233
6.36926
6.02923
5.70249
5.38922
5.0894
4.80297
4.52975
4.26943
4.0216
3.7858
3.56143
3.34787
3.14441
2.95031
2.76481
2.58718
2.41672
2.25271
2.09439
1.9409
1.79122
1.6442
1.49854
1.35298
1.20628
1.05749
0.905214
0.749595
0.584069
0.41997
0.215377
0.0985171
21.3494
21.2007
21.0511
20.8795
20.691
20.4924
20.2833
20.0612
19.8249
19.5747
19.3102
19.0311
18.7369
18.4277
18.1031
17.7634
17.4085
17.0388
16.6547
16.2567
15.8455
15.4219
14.9871
14.5421
14.0882
13.6269
13.1597
12.6882
12.2142
11.7395
11.2657
10.7946
10.3281
9.86758
9.41474
8.97096
8.53753
8.11556
7.706
7.30963
6.92703
6.55869
6.20488
5.86577
5.54143
5.23174
4.93657
4.6556
4.38846
4.13469
3.89372
3.66492
3.44765
3.24113
3.04458
2.8572
2.67819
2.50683
2.3424
2.18422
2.03157
1.88353
1.73902
1.59686
1.45576
1.31449
1.1719
1.02719
0.879173
0.728189
0.567508
0.408913
0.208988
0.0983406
22.8093
22.6227
22.4336
22.2203
21.9882
21.7441
21.4876
21.2162
20.9289
20.6258
20.3069
19.9719
19.6206
19.253
18.8692
18.4695
18.0544
17.6242
17.1799
16.7223
16.2525
15.7716
15.2811
14.7824
14.2772
13.7672
13.2544
12.7405
12.2274
11.7172
11.2116
10.7124
10.2214
9.7401
9.26992
8.81214
8.36782
7.93786
7.52295
7.12361
6.74018
6.37283
6.02161
5.68648
5.36721
5.06358
4.77515
4.50148
4.24203
3.99615
3.76315
3.54232
3.33286
3.134
2.94487
2.76463
2.59245
2.4276
2.26941
2.11724
1.97033
1.82779
1.68849
1.55119
1.41455
1.27741
1.13878
0.998015
0.854148
0.707717
0.551779
0.398548
0.203043
0.0982678
24.3087
24.0763
23.8391
23.5761
23.2923
22.9945
22.6824
22.3536
22.0073
21.6436
21.2627
20.8644
20.4489
20.0164
19.5673
19.1022
18.6218
18.127
17.619
17.099
16.5685
16.0291
15.4825
14.9306
14.3754
13.8189
13.2631
12.7101
12.162
11.6207
11.088
10.5658
10.0556
9.55868
9.07641
8.60974
8.15949
7.72625
7.31044
6.91224
6.53172
6.16882
5.8233
5.49487
5.18316
4.88765
4.60782
4.34301
4.09251
3.8556
3.63147
3.41929
3.21828
3.02754
2.84621
2.67339
2.50822
2.35003
2.19818
2.05206
1.91098
1.77395
1.63981
1.50726
1.37496
1.24183
1.10697
0.96997
0.830102
0.688072
0.536736
0.388718
0.197435
0.0983093
25.8231
25.5361
25.242
24.9204
24.5764
24.2165
23.8405
23.4462
23.0328
22.601
22.1509
21.6827
21.1968
20.6937
20.1742
19.6393
19.09
18.5277
17.954
17.3705
16.7792
16.1819
15.5808
14.9781
14.3759
13.7766
13.1824
12.5953
12.0175
11.4508
10.897
10.3577
9.83412
9.32752
8.83878
8.3686
7.91746
7.48565
7.07321
6.68009
6.30604
5.95069
5.61364
5.29437
4.99228
4.70676
4.43699
4.18226
3.94177
3.71464
3.50002
3.29707
3.10488
2.92261
2.74931
2.58407
2.42603
2.27454
2.12905
1.98898
1.85365
1.72207
1.593
1.46511
1.33697
1.20763
1.07636
0.942975
0.807001
0.669321
0.522514
0.379595
0.192294
0.0984827
27.3263
26.9758
26.6155
26.2267
25.8141
25.3839
24.936
24.4685
23.981
23.4742
22.9486
22.4047
21.8433
21.2652
20.6717
20.064
19.4439
18.8129
18.1732
17.5268
16.8761
16.2234
15.571
14.9214
14.2771
13.6403
13.0134
12.3984
11.7973
11.2117
10.6433
10.0933
9.56268
9.05234
8.5628
8.09441
7.64728
7.22132
6.81631
6.43181
6.06734
5.72235
5.39617
5.08811
4.79743
4.52326
4.26481
4.02115
3.79136
3.5746
3.36996
3.17656
2.99355
2.81995
2.65482
2.49723
2.34629
2.20145
2.06222
1.92811
1.7985
1.67228
1.54816
1.42475
1.30061
1.17489
1.04702
0.917061
0.784847
0.651371
0.50896
0.370992
0.187486
0.0987843
28.7782
28.3555
27.9201
27.4559
26.9672
26.4594
25.9326
25.3854
24.8178
24.2307
23.6248
23.0013
22.361
21.7054
21.0361
20.3549
19.664
18.9654
18.2618
17.5555
16.8493
16.1457
15.4475
14.7571
14.0772
13.41
12.7577
12.1222
11.5053
10.9082
10.3324
9.77851
9.24737
8.73934
8.25461
7.79309
7.35455
6.93858
6.54455
6.17186
5.81975
5.48742
5.1741
4.87894
4.60103
4.33944
4.09314
3.86119
3.64266
3.43665
3.24228
3.05869
2.88494
2.72012
2.5632
2.41323
2.26931
2.13097
1.99786
1.8696
1.74551
1.62451
1.50522
1.38618
1.26585
1.14352
1.01883
0.892153
0.763615
0.634316
0.496244
0.363116
0.183161
0.0992275
30.1447
29.6426
29.1251
28.5791
28.0083
27.4174
26.8066
26.1752
25.5234
24.8523
24.1633
23.4577
22.737
22.003
21.258
20.5041
19.7441
18.9806
18.2166
17.4549
16.6984
15.9502
15.2128
14.489
13.7812
13.0915
12.4218
11.7738
11.1489
10.5479
9.97178
9.42088
8.89549
8.39552
7.92075
7.47078
7.04495
6.64252
6.26266
5.90443
5.56691
5.24921
4.95036
4.66939
4.40531
4.15703
3.92353
3.70376
3.49676
3.3017
3.11773
2.94399
2.77965
2.62363
2.47487
2.33238
2.19528
2.06324
1.93605
1.81341
1.69478
1.57888
1.46426
1.34942
1.23272
1.11361
0.991906
0.86831
0.743323
0.618051
0.484173
0.355733
0.179145
0.0997854
31.3695
30.7831
30.1791
29.5473
28.8911
28.214
27.5168
26.799
26.0614
25.3054
24.5328
23.7453
22.9451
22.1346
21.3164
20.4934
19.6689
18.8459
18.0278
17.2179
16.4192
15.6348
14.8673
14.1192
13.3928
12.6899
12.0119
11.3602
10.7355
10.1385
9.56929
9.02799
8.51429
8.02776
7.56774
7.13339
6.72382
6.33801
5.97485
5.6333
5.31224
5.01061
4.72742
4.46159
4.21203
3.97766
3.75727
3.54989
3.35457
3.17052
2.99697
2.83312
2.67804
2.53074
2.39001
2.25485
2.12433
1.99833
1.87681
1.75963
1.64623
1.53527
1.42519
1.31444
1.20118
1.08502
0.966095
0.845444
0.723944
0.602683
0.472939
0.349067
0.175588
0.100457
32.4307
31.7592
31.0676
30.3496
29.6075
28.8441
28.0601
27.2558
26.4324
25.5917
24.736
23.8676
22.9894
22.1045
21.2164
20.3283
19.4444
18.568
17.7029
16.8526
16.0202
15.2086
14.4203
13.6576
12.9221
12.2153
11.5382
10.8913
10.2749
9.68909
9.13359
8.60789
8.11132
7.64291
7.20166
6.78648
6.39614
6.02941
5.68506
5.36181
5.05853
4.77411
4.50742
4.25735
4.02277
3.80248
3.59541
3.40047
3.21678
3.04366
2.88043
2.7263
2.58049
2.44177
2.30887
2.18077
2.05653
1.93626
1.82015
1.70816
1.59992
1.49378
1.3881
1.28126
1.17126
1.05789
0.941521
0.823618
0.705486
0.588075
0.462303
0.342836
0.172285
0.101196
33.2603
32.5076
31.7328
30.9324
30.1079
29.2616
28.394
27.5062
26.5998
25.6775
24.7419
23.7966
22.845
21.8914
20.9397
19.9943
19.0595
18.1393
17.2375
16.3577
15.5029
14.6756
13.878
13.1116
12.3778
11.6771
11.01
10.3765
9.77628
9.20871
8.67308
8.16843
7.69358
7.24733
6.82831
6.43511
6.06635
5.72062
5.39654
5.09285
4.80831
4.54175
4.29207
4.0581
3.83865
3.63259
3.43872
3.25611
3.08391
2.92156
2.76848
2.62394
2.48711
2.35677
2.23146
2.11018
1.99186
1.87701
1.76602
1.65904
1.55574
1.45426
1.35286
1.24984
1.14291
1.03203
0.917997
0.802706
0.687899
0.574332
0.452464
0.337272
0.169387
0.101998
33.8914
33.0656
32.2151
31.3382
30.4361
29.5098
28.5606
27.5901
26.601
25.5967
24.5815
23.5597
22.5365
21.5168
20.5062
19.5092
18.5309
17.5754
16.6467
15.7479
14.8815
14.0496
13.2536
12.4943
11.7721
11.0871
10.4388
9.82659
9.24946
8.70636
8.19597
7.71691
7.26773
6.84683
6.45267
6.0837
5.73828
5.41492
5.11219
4.82877
4.56349
4.31522
4.08278
3.86499
3.66065
3.4686
3.28783
3.11733
2.95635
2.8045
2.6613
2.52604
2.39809
2.2759
2.15789
2.04307
1.93032
1.82055
1.71441
1.61217
1.51375
1.41684
1.31958
1.2202
1.11614
1.00756
0.895637
0.782765
0.671173
0.56129
0.443147
0.332068
0.166681
0.10281
34.2414
33.3586
32.4474
31.5063
30.5361
29.5376
28.5127
27.4642
26.3962
25.3139
24.2233
23.1308
22.0426
20.9659
19.906
18.869
17.8597
16.8824
15.9402
15.036
14.1714
13.3476
12.5651
11.8238
11.1233
10.4628
9.8411
9.25699
8.70893
8.19519
7.71418
7.26415
6.84332
6.45004
6.08252
5.739
5.41787
5.11752
4.83651
4.57361
4.32764
4.09752
3.88213
3.68023
3.49063
3.31231
3.14416
2.98536
2.83518
2.6934
2.55973
2.43341
2.31389
2.19952
2.08844
1.97976
1.87211
1.76705
1.66545
1.56776
1.47403
1.38149
1.2882
1.19233
1.09093
0.984313
0.874266
0.763698
0.655295
0.549084
0.434574
0.327464
0.164314
0.103623
34.4574
33.5335
32.5737
31.5761
30.5414
29.4704
28.367
27.2357
26.0839
24.9192
23.7509
22.5873
21.4373
20.3082
19.2074
18.14
17.1111
16.1237
15.1804
14.2828
13.4314
12.6262
11.8666
11.1517
10.4799
9.84973
9.25946
8.70712
8.19077
7.70846
7.25812
6.83779
6.44562
6.07971
5.73828
5.41957
5.12181
4.84342
4.58301
4.33939
4.11151
3.89835
3.69876
3.51153
3.33549
3.16968
3.01316
2.86505
2.72465
2.59202
2.467
2.34878
2.23714
2.12993
2.02509
1.92186
1.81867
1.71778
1.62028
1.52669
1.43746
1.34903
1.25941
1.16672
1.06765
0.962696
0.854238
0.745744
0.640385
0.537632
0.426515
0.323165
0.16209
0.104372
34.4686
33.5301
32.5442
31.5075
30.4201
29.2858
28.1102
26.902
25.6719
24.4321
23.1948
21.9713
20.7714
19.6042
18.476
17.3925
16.357
15.372
14.4387
13.5571
12.7268
11.9467
11.215
10.5299
9.88933
9.2909
8.73242
8.21163
7.72619
7.2738
6.85235
6.45971
6.0939
5.75308
5.43532
5.13881
4.86193
4.60306
4.36088
4.13432
3.92235
3.72399
3.53818
3.36371
3.19944
3.04459
2.89811
2.75928
2.62733
2.5026
2.38512
2.27398
2.16917
2.06825
1.9688
1.87027
1.77074
1.67339
1.57947
1.48958
1.40441
1.31966
1.23333
1.14348
1.04638
0.942631
0.835485
0.728925
0.626539
0.527158
0.419267
0.319458
0.160189
0.105072
34.5504
33.602
32.588
31.5032
30.3504
29.1368
27.8732
26.5727
25.2528
23.9311
22.6229
21.3411
20.097
18.8987
17.7526
16.662
15.6294
14.6552
13.7391
12.8797
12.0752
11.3233
10.6216
9.96752
9.35816
8.79089
8.26303
7.77196
7.31525
6.89049
6.49538
6.12777
5.78568
5.46716
5.17038
4.89354
4.635
4.39323
4.16699
3.95526
3.75712
3.57164
3.39775
3.23431
3.0802
2.93477
2.79705
2.66624
2.54153
2.42358
2.31264
2.20759
2.10894
2.01354
1.91867
1.82412
1.7276
1.63329
1.54252
1.45589
1.37457
1.29319
1.20974
1.12236
1.02691
0.92407
0.817995
0.713199
0.613661
0.517436
0.412505
0.31601
0.158406
0.105665
34.5309
33.6031
32.5806
31.4582
30.2442
28.9547
27.604
26.2126
24.8068
23.4103
22.0404
20.711
19.4333
18.2152
17.0606
15.9719
14.9492
13.9917
13.0971
12.2627
11.4856
10.7628
10.091
9.4669
8.88732
8.34918
7.84958
7.38579
6.95512
6.55507
6.18345
5.83805
5.51688
5.21804
4.93961
4.67983
4.43727
4.21034
3.99792
3.79908
3.61289
3.43845
3.27483
3.12087
2.97549
2.83831
2.7081
2.58422
2.46569
2.35357
2.24834
2.14861
2.05531
1.96475
1.87381
1.78269
1.68857
1.59686
1.50894
1.42529
1.3475
1.26913
1.18823
1.10301
1.00892
0.906628
0.801472
0.698415
0.601719
0.508575
0.406425
0.313029
0.156846
0.106132
34.6822
33.7676
32.7156
31.5247
30.2228
28.8336
27.3738
25.8745
24.3751
22.9029
21.4744
20.1032
18.7999
17.5696
16.4145
15.3338
14.3263
13.389
12.5183
11.71
10.9604
10.2657
9.62225
9.02614
8.47396
7.96242
7.48834
7.04883
6.64124
6.26309
5.91211
5.58616
5.28323
5.00139
4.73885
4.49391
4.26515
4.05102
3.85051
3.66272
3.4868
3.32189
3.16707
3.02128
2.88343
2.75331
2.62965
2.51171
2.39844
2.29132
2.19108
2.09593
2.00752
1.92122
1.83355
1.74529
1.65314
1.56371
1.47836
1.39738
1.32299
1.24734
1.16864
1.08527
0.992296
0.890329
0.785963
0.684576
0.590644
0.500387
0.400754
0.310239
0.155358
0.106451
34.768
33.9088
32.84
31.5812
30.1974
28.7136
27.1438
25.5389
23.9535
22.4149
20.9367
19.5325
18.2114
16.9761
15.8251
14.7565
13.7665
12.8508
12.0041
11.2212
10.4977
9.82931
9.21188
8.64116
8.11365
7.6257
7.17416
6.75609
6.36873
6.0096
5.67659
5.36748
5.08027
4.81316
4.56432
4.33207
4.11522
3.91208
3.72179
3.54351
3.37639
3.21962
3.07235
2.93359
2.80221
2.67826
2.56019
2.44737
2.33861
2.23579
2.13998
2.04884
1.96468
1.8821
1.79721
1.71141
1.6208
1.5334
1.45043
1.37194
1.30066
1.22743
1.15061
1.06884
0.976773
0.874866
0.771252
0.671602
0.580458
0.492992
0.395689
0.307828
0.154017
0.106593
35.0321
34.2154
33.078
31.7085
30.2258
28.6301
26.9325
25.2167
23.5502
21.9519
20.4318
19.0031
17.672
16.4371
15.2949
14.2407
13.2695
12.3754
11.5519
10.7928
10.0934
9.44874
8.85472
8.30658
7.80084
7.33365
6.90178
6.50227
6.13245
5.78988
5.47239
5.17774
4.90401
4.64944
4.41238
4.19111
3.9845
3.79074
3.60917
3.43897
3.27941
3.12966
2.98889
2.8562
2.73039
2.61172
2.49851
2.39008
2.28517
2.18606
2.09417
2.00649
1.92622
1.84692
1.76428
1.68054
1.59119
1.50565
1.42488
1.34865
1.28037
1.2093
1.13401
1.0536
0.962279
0.860308
0.757411
0.659499
0.57108
0.486209
0.390964
0.305536
0.152689
0.106539
35.2652
34.5326
33.3058
31.8273
30.2659
28.5601
26.7321
24.9138
23.1761
21.5258
19.9705
18.5233
17.1867
15.9558
14.824
13.7854
12.8326
11.9592
11.1572
10.4197
9.74185
9.11847
8.54514
8.01677
7.53002
7.08073
6.66583
6.28242
5.92776
5.5994
5.29521
5.01288
4.75062
4.50686
4.27995
4.06806
3.87022
3.68443
3.51028
3.34704
3.19398
3.05025
2.91509
2.78762
2.66658
2.55254
2.44348
2.33883
2.23727
2.14137
2.05303
1.96836
1.89148
1.81502
1.73427
1.6523
1.56397
1.48015
1.40147
1.32736
1.26182
1.19261
1.11856
1.03934
0.948652
0.846442
0.744311
0.648243
0.562553
0.480133
0.386706
0.303492
0.151407
0.106257
35.6497
34.9634
33.5618
31.9612
30.3281
28.4978
26.5342
24.6235
22.8264
21.1334
19.5515
18.0926
16.755
15.53
14.41
13.3865
12.4512
11.597
10.8145
10.0963
9.43745
8.83254
8.27732
7.76607
7.29571
6.86181
6.46149
6.09188
5.75026
5.43415
5.14129
4.86941
4.6169
4.38236
4.16422
3.96043
3.77006
3.59102
3.42318
3.26588
3.11845
2.97996
2.84963
2.72668
2.60972
2.49961
2.39419
2.29282
2.19416
2.10108
2.01591
1.93381
1.86003
1.78607
1.7068
1.62632
1.53889
1.45672
1.37999
1.30781
1.24487
1.17727
1.10412
1.02594
0.935834
0.83335
0.732013
0.637815
0.554766
0.474573
0.382704
0.301479
0.150077
0.105745
36.0711
35.4056
33.7842
32.0936
30.4072
28.4473
26.3532
24.3613
22.5102
20.7795
19.1763
17.71
16.374
15.1567
14.0484
13.0393
12.12
11.283
10.5178
9.8164
9.1742
8.58544
8.0459
7.54929
7.09298
6.67213
6.28429
5.9266
5.59619
5.29046
5.00717
4.74414
4.49994
4.27344
4.06288
3.86594
3.68191
3.50854
3.3461
3.194
3.05147
2.9175
2.79132
2.67223
2.55875
2.45213
2.34985
2.25132
2.15526
2.06462
1.98235
1.90242
1.83137
1.75958
1.68155
1.60232
1.51572
1.43515
1.36026
1.2899
1.22927
1.163
1.09053
1.01331
0.923709
0.820883
0.720442
0.628217
0.547766
0.469582
0.37905
0.29958
0.148704
0.104976
36.6361
35.8563
33.9724
32.2237
30.4832
28.3848
26.1746
24.1192
22.2253
20.4643
18.845
17.3739
16.0406
14.8309
13.734
12.7381
11.8333
11.0116
10.2615
9.57465
8.9468
8.37184
7.8458
7.36163
6.91728
6.50757
6.13045
5.78293
5.46209
5.16522
4.88998
4.63445
4.3974
4.17783
3.9738
3.7827
3.604
3.43544
3.27766
3.13008
2.99185
2.86182
2.73918
2.62339
2.51291
2.40928
2.30984
2.21376
2.12002
2.03151
1.95181
1.87376
1.80522
1.73531
1.65826
1.58002
1.49433
1.41529
1.34209
1.27342
1.21492
1.14974
1.07767
1.0014
0.912251
0.809126
0.709638
0.619403
0.54142
0.464993
0.375561
0.297612
0.147223
0.103965
37.3164
36.2612
34.117
32.3714
30.5783
28.3338
26.0121
23.9
21.9681
20.1834
18.5532
17.0805
15.751
14.5487
13.462
12.4777
11.5854
10.7772
10.0401
9.36576
8.75024
8.18712
7.67262
7.19891
6.76476
6.36444
5.99653
5.6578
5.34509
5.05559
4.78713
4.53803
4.30719
4.09371
3.89526
3.70899
3.53477
3.37031
3.21664
3.0731
2.93863
2.81193
2.69228
2.57931
2.47144
2.37052
2.2736
2.17965
2.08804
2.00133
1.92403
1.84747
1.7812
1.71292
1.6367
1.55928
1.47454
1.39702
1.32537
1.25827
1.20156
1.1373
1.0655
0.990115
0.901415
0.798017
0.699589
0.611394
0.535756
0.460831
0.372271
0.295608
0.145628
0.102714
38.081
36.6276
34.2007
32.4813
30.6452
28.2787
25.8689
23.7094
21.7433
19.9374
18.2977
16.824
15.4986
14.3037
13.2268
12.2528
11.3716
10.5748
9.84879
9.18517
8.5802
8.02715
7.52232
7.05747
6.63192
6.23972
5.87972
5.54842
5.24254
4.95928
4.69657
4.45305
4.22762
4.01937
3.82563
3.64339
3.47298
3.3121
3.1621
3.02213
2.89089
2.76705
2.6499
2.53938
2.43382
2.33536
2.24072
2.14859
2.05885
1.97373
1.89846
1.82339
1.7591
1.69224
1.61669
1.53993
1.45631
1.3801
1.30993
1.2443
1.18916
1.12557
1.05384
0.979507
0.891147
0.787586
0.690274
0.604092
0.530623
0.456941
0.369069
0.293454
0.143895
0.101255
38.6675
37.0096
34.3324
32.62
30.6991
28.2083
25.7274
23.5331
21.5427
19.7229
18.078
16.6043
15.2823
14.093
13.0236
12.0582
11.1866
10.3999
9.68332
9.02878
8.43272
7.88818
7.39153
6.93415
6.51595
6.13069
5.77747
5.4525
5.15231
4.87429
4.61649
4.37789
4.15722
3.95346
3.76361
3.58471
3.41753
3.2599
3.11321
2.97639
2.8479
2.72641
2.61137
2.50303
2.39961
2.30337
2.21077
2.12019
2.03208
1.94837
1.87494
1.80121
1.73867
1.67303
1.59805
1.52187
1.43938
1.36444
1.2957
1.23142
1.17741
1.1146
1.04296
0.969289
0.881414
0.777824
0.681706
0.597511
0.526027
0.453291
0.365944
0.291151
0.142018
0.0996186
38.9027
37.2166
34.3378
32.7309
30.7469
28.1391
25.5909
23.3633
21.3517
19.5222
17.8763
16.4067
15.0915
13.9103
12.849
11.891
11.027
10.2484
9.53994
8.89313
8.30457
7.76713
7.27724
6.82629
6.41438
6.03513
5.68766
5.36794
5.07249
4.79894
4.54547
4.31123
4.09467
3.89465
3.70797
3.53191
3.36761
3.21297
3.06927
2.93516
2.80892
2.68939
2.57618
2.46984
2.36844
2.27425
2.18341
2.0941
2.00736
1.92499
1.85315
1.78088
1.71974
1.65514
1.58065
1.50497
1.42365
1.34988
1.28254
1.21951
1.1664
1.10421
1.03261
0.959561
0.872127
0.768695
0.673803
0.591519
0.521786
0.449793
0.36287
0.288669
0.140025
0.0978432
39.3012
37.7513
34.2596
32.6846
30.6896
28.0257
25.4455
23.2013
21.1788
19.3436
17.6966
16.2295
14.9195
13.7458
12.6932
11.7441
10.8885
10.1173
9.41557
8.77507
8.19278
7.66138
7.17711
6.73167
6.32509
5.95105
5.6084
5.29306
5.00162
4.73194
4.48232
4.25189
4.03888
3.8419
3.65782
3.48425
3.32255
3.17071
3.02966
2.89782
2.77339
2.65547
2.54395
2.43953
2.34007
2.24767
2.15831
2.07002
1.9844
1.9034
1.83293
1.76225
1.70217
1.63838
1.56435
1.48914
1.40898
1.3364
1.27044
1.20851
1.15595
1.09439
1.023
0.950022
0.863275
0.760288
0.666667
0.586172
0.517931
0.446396
0.359781
0.285953
0.13789
0.0959958
)
;

boundaryField
{
    inlet
    {
        type            freestreamPressure;
        freestreamValue uniform 0;
        value           nonuniform List<scalar> 
230
(
-1.97696
-1.97467
-1.96741
-1.95986
-1.95347
-1.9472
-1.94038
-1.93312
-1.9256
-1.91787
-1.9098
-1.90135
-1.89251
-1.88325
-1.87359
-1.86352
-1.853
-1.84199
-1.83053
-1.81863
-1.80626
-1.7934
-1.78006
-1.76624
-1.75192
-1.73709
-1.72173
-1.70583
-1.68936
-1.6723
-1.65462
-1.6363
-1.61732
-1.59766
-1.57727
-1.55615
-1.53427
-1.5116
-1.48814
-1.46386
-1.43876
-1.41283
-1.38607
-1.35848
-1.33006
-1.30086
-1.27088
-1.24016
-1.20873
-1.17666
-1.14398
-1.11076
-1.07708
-1.04302
-1.00868
-0.974163
-0.939575
-0.905036
-0.870666
-0.836582
-0.802899
-0.76972
-0.737137
-0.705225
-0.67403
-0.643571
-0.613799
-0.584626
-0.555645
-0.526618
-0.494265
-0.457794
-0.37564
-0.239895
0.158261
-0.706116
-1.39253
-1.91715
-2.30465
-2.58275
-2.77577
-2.9033
-2.98095
-3.02103
-3.03316
-3.0248
-3.00171
-2.96827
-2.92772
-2.8824
-2.83394
-2.78352
-2.73201
-2.68016
-2.62868
-2.57814
-2.5278
-2.47761
-2.42822
-2.38019
-2.33385
-2.28941
-2.24771
-2.20953
-2.17495
-2.14366
-2.1154
-2.09006
-2.06745
-2.04743
-2.02981
-2.01448
-2.00124
-1.99004
-1.98045
1.15565
2.08936
2.87964
3.51126
3.99977
4.37107
4.65011
4.85809
5.01196
5.12481
5.20654
5.2646
5.30459
5.33064
5.34579
5.35221
5.35149
5.3448
5.33307
5.31714
5.29784
5.27584
5.25061
5.22197
5.19052
5.15696
5.12186
5.08579
5.0493
5.01295
4.97718
4.94242
4.909
4.87721
4.84725
4.81925
4.79333
4.76955
4.74795
4.72839
4.71115
4.70242
4.69699
4.68177
4.66539
4.65106
4.63708
4.62212
4.6063
4.59005
4.57342
4.55632
4.53869
4.52057
4.50196
4.48288
4.46329
4.44322
4.42265
4.4016
4.38004
4.35797
4.33538
4.31228
4.28862
4.26441
4.23962
4.21425
4.18827
4.16166
4.13439
4.10642
4.07773
4.04827
4.018
3.98688
3.95485
3.92185
3.88782
3.85269
3.81637
3.77877
3.73981
3.69938
3.65739
3.61373
3.56829
3.52096
3.47167
3.42028
3.36671
3.31087
3.25271
3.19215
3.12913
3.0636
2.99553
2.92487
2.85159
2.77564
2.69698
2.61552
2.53113
2.44362
2.35272
2.258
2.1588
2.05412
1.94243
1.82087
1.68543
1.52411
1.32298
0.992578
0.495791
)
;
    }
    outlet
    {
        type            freestreamPressure;
        freestreamValue uniform 0;
        value           nonuniform List<scalar> 
96
(
0.000386969
0.000378806
0.000370585
0.000362507
0.000354514
0.00034679
0.000339307
0.000332287
0.000325736
0.000319865
0.000314711
0.000310528
0.000307448
0.000305739
0.000305459
0.000306628
0.000309974
0.00031734
0.000328953
0.000348609
0.000397491
0.000487286
0.00054375
0.0004358
0.000156136
-0.000121983
-0.000223036
-0.000158557
-6.28601e-05
-1.36343e-05
-7.11622e-07
1.52769e-06
1.81192e-06
-1.36098e-06
-4.11777e-06
-1.01045e-05
-1.14738e-05
-2.40121e-05
-2.18139e-05
-5.03703e-05
-2.64555e-05
-9.81918e-05
4.58049e-06
-0.00021838
0.000172186
-0.000603855
0.00093656
-0.00207936
0.00380675
0.000533315
0.000670048
0.000797745
0.000590336
0.000538763
0.000520635
0.000489647
0.000469401
0.000457654
0.000448439
0.000440914
0.000434799
0.000429542
0.000425049
0.00042125
0.000418124
0.000415533
0.000413435
0.000411763
0.000410529
0.000409766
0.000409513
0.00040984
0.000410728
0.000412227
0.000414222
0.000416706
0.000419486
0.00042254
0.000425651
0.000428775
0.000431647
0.000434325
0.000436571
0.000438307
0.000439437
0.000439846
0.000439456
0.000438135
0.000435874
0.000432559
0.000428259
0.000422981
0.000416854
0.000410011
0.000402604
0.000394911
)
;
    }
    walls
    {
        type            zeroGradient;
    }
    frontAndBack
    {
        type            empty;
    }
}


// ************************************************************************* //
